0.001000,0.000000,0.000000,1
0.002000,0.000000,0.000000,2
0.003000,0.000000,0.000000,3
0.004000,0.000000,0.000000,4
0.005000,0.000000,0.000000,5
0.006000,0.000000,0.000000,6
0.007000,0.000000,0.000000,7
0.008000,0.000000,0.000000,8
0.009000,0.000000,0.000000,9
0.010000,0.000000,0.000000,10
0.011000,0.000000,0.000000,11
0.012000,0.000000,0.000000,12
0.013000,0.000000,0.000000,13
0.014000,0.000000,0.000000,14
0.015000,0.000000,0.000000,15
0.016000,0.000000,0.000000,16
0.017000,0.000000,0.000000,17
0.018000,0.000000,0.000000,18
0.019000,0.000000,0.000000,19
0.020000,0.000000,0.000000,20
0.021000,0.000000,0.000000,21
0.022000,0.000000,0.000000,22
0.023000,0.000000,0.000000,23
0.024000,0.000000,0.000000,24
0.025000,0.000000,0.000000,25
0.026000,0.000000,0.000000,26
0.027000,0.000000,0.000000,27
0.028000,0.000000,0.000000,28
0.029000,0.000000,0.000001,29
0.030000,0.000000,0.000001,30
0.031000,0.000000,0.000001,31
0.032000,0.000000,0.000001,32
0.033000,0.000000,0.000001,33
0.034000,0.000000,0.000001,34
0.035000,0.000000,0.000001,35
0.036000,0.000000,0.000001,36
0.037000,0.000000,0.000001,37
0.038000,0.000000,0.000001,38
0.039000,0.000000,0.000001,39
0.040000,0.000000,0.000001,40
0.041000,0.000000,0.000001,41
0.042000,0.000000,0.000001,42
0.043000,0.000000,0.000001,43
0.044000,0.000000,0.000002,44
0.045000,0.000000,0.000002,45
0.046000,0.000000,0.000002,46
0.047000,0.000000,0.000002,47
0.048000,0.000000,0.000002,48
0.049000,0.000000,0.000002,49
0.050000,0.000000,0.000002,50
0.051000,0.000000,0.000003,51
0.052000,0.000000,0.000003,52
0.053000,0.000000,0.000003,53
0.054000,0.000000,0.000003,54
0.055000,0.000000,0.000003,55
0.056000,0.000000,0.000004,56
0.057000,0.000000,0.000004,57
0.058000,0.000000,0.000004,58
0.059000,0.000000,0.000004,59
0.060000,0.000000,0.000005,60
0.061000,0.000000,0.000005,61
0.062000,0.000000,0.000005,62
0.063000,0.000000,0.000006,63
0.064000,0.000000,0.000006,64
0.065000,0.000000,0.000007,65
0.066000,0.000000,0.000007,66
0.067000,0.000000,0.000008,67
0.068000,0.000000,0.000008,68
0.069000,0.000000,0.000009,69
0.070000,0.000000,0.000009,70
0.071000,0.000000,0.000010,71
0.072000,0.000000,0.000011,72
0.073000,0.000000,0.000011,73
0.074000,0.000000,0.000012,74
0.075000,0.000000,0.000013,75
0.076000,0.000000,0.000014,76
0.077000,0.000000,0.000015,77
0.078000,0.000000,0.000016,78
0.079000,0.000000,0.000017,79
0.080000,0.000000,0.000018,80
0.081000,0.000000,0.000019,81
0.082000,0.000000,0.000020,82
0.083000,0.000000,0.000022,83
0.084000,0.000000,0.000023,84
0.085000,0.000000,0.000025,85
0.086000,0.000000,0.000026,86
0.087000,0.000000,0.000028,87
0.088000,0.000000,0.000030,88
0.089000,0.000000,0.000032,89
0.090000,0.000000,0.000034,90
0.091000,0.000000,0.000036,91
0.092000,0.000000,0.000038,92
0.093000,0.000000,0.000040,93
0.094000,0.000000,0.000043,94
0.095000,0.000000,0.000046,95
0.096000,0.000000,0.000048,96
0.097000,0.000000,0.000052,97
0.098000,0.000000,0.000055,98
0.099000,0.000000,0.000058,99
0.100000,0.000000,0.000062,100
0.101000,0.000000,0.000066,101
0.102000,0.000000,0.000070,102
0.103000,0.000000,0.000074,103
0.104000,0.000000,0.000078,104
0.105000,0.000000,0.000083,105
0.106000,0.000000,0.000088,106
0.107000,0.000000,0.000093,107
0.108000,0.000000,0.000099,108
0.109000,0.000000,0.000105,109
0.110000,0.000000,0.000111,110
0.111000,0.000000,0.000118,111
0.112000,0.000000,0.000125,112
0.113000,0.000000,0.000132,113
0.114000,0.000000,0.000140,114
0.115000,0.000000,0.000148,115
0.116000,0.000000,0.000157,116
0.117000,0.000000,0.000166,117
0.118000,0.000000,0.000176,118
0.119000,0.000000,0.000186,119
0.120000,0.000001,0.000197,120
0.121000,0.000001,0.000208,121
0.122000,0.000001,0.000220,122
0.123000,0.000001,0.000233,123
0.124000,0.000001,0.000246,124
0.125000,0.000001,0.000260,125
0.126000,0.000001,0.000275,126
0.127000,0.000001,0.000290,127
0.128000,0.000001,0.000306,128
0.129000,0.000001,0.000323,129
0.130000,0.000001,0.000341,130
0.131000,0.000001,0.000360,131
0.132000,0.000001,0.000380,132
0.133000,0.000001,0.000401,133
0.134000,0.000002,0.000423,134
0.135000,0.000002,0.000446,135
0.136000,0.000002,0.000470,136
0.137000,0.000002,0.000496,137
0.138000,0.000002,0.000522,138
0.139000,0.000002,0.000550,139
0.140000,0.000002,0.000580,140
0.141000,0.000003,0.000611,141
0.142000,0.000003,0.000643,142
0.143000,0.000003,0.000677,143
0.144000,0.000003,0.000713,144
0.145000,0.000003,0.000750,145
0.146000,0.000004,0.000789,146
0.147000,0.000004,0.000830,147
0.148000,0.000004,0.000873,148
0.149000,0.000004,0.000918,149
0.150000,0.000005,0.000965,150
0.151000,0.000005,0.001015,151
0.152000,0.000006,0.001067,152
0.153000,0.000006,0.001121,153
0.154000,0.000006,0.001177,154
0.155000,0.000007,0.001237,155
0.156000,0.000007,0.001298,156
0.157000,0.000008,0.001363,157
0.158000,0.000008,0.001431,158
0.159000,0.000009,0.001502,159
0.160000,0.000010,0.001576,160
0.161000,0.000010,0.001653,161
0.162000,0.000011,0.001734,162
0.163000,0.000012,0.001818,163
0.164000,0.000013,0.001906,164
0.165000,0.000013,0.001998,165
0.166000,0.000014,0.002094,166
0.167000,0.000015,0.002194,167
0.168000,0.000016,0.002299,168
0.169000,0.000017,0.002408,169
0.170000,0.000019,0.002521,170
0.171000,0.000020,0.002640,171
0.172000,0.000021,0.002763,172
0.173000,0.000023,0.002892,173
0.174000,0.000024,0.003026,174
0.175000,0.000026,0.003165,175
0.176000,0.000028,0.003311,176
0.177000,0.000029,0.003462,177
0.178000,0.000031,0.003620,178
0.179000,0.000033,0.003784,179
0.180000,0.000036,0.003954,180
0.181000,0.000038,0.004132,181
0.182000,0.000041,0.004316,182
0.183000,0.000043,0.004508,183
0.184000,0.000046,0.004707,184
0.185000,0.000049,0.004915,185
0.186000,0.000052,0.005130,186
0.187000,0.000056,0.005354,187
0.188000,0.000059,0.005586,188
0.189000,0.000063,0.005828,189
0.190000,0.000067,0.006078,190
0.191000,0.000071,0.006338,191
0.192000,0.000076,0.006608,192
0.193000,0.000081,0.006888,193
0.194000,0.000086,0.007179,194
0.195000,0.000091,0.007480,195
0.196000,0.000097,0.007792,196
0.197000,0.000103,0.008116,197
0.198000,0.000109,0.008451,198
0.199000,0.000116,0.008799,199
0.200000,0.000123,0.009159,200
0.201000,0.000131,0.009532,201
0.202000,0.000139,0.009918,202
0.203000,0.000148,0.010317,203
0.204000,0.000157,0.010731,204
0.205000,0.000166,0.011159,205
0.206000,0.000176,0.011601,206
0.207000,0.000187,0.012059,207
0.208000,0.000198,0.012532,208
0.209000,0.000210,0.013022,209
0.210000,0.000223,0.013527,210
0.211000,0.000236,0.014050,211
0.212000,0.000250,0.014590,212
0.213000,0.000265,0.015147,213
0.214000,0.000280,0.015723,214
0.215000,0.000297,0.016317,215
0.216000,0.000314,0.016930,216
0.217000,0.000332,0.017563,217
0.218000,0.000352,0.018216,218
0.219000,0.000372,0.018890,219
0.220000,0.000394,0.019584,220
0.221000,0.000416,0.020300,221
0.222000,0.000440,0.021037,222
0.223000,0.000465,0.021798,223
0.224000,0.000492,0.022581,224
0.225000,0.000520,0.023388,225
0.226000,0.000549,0.024218,226
0.227000,0.000580,0.025073,227
0.228000,0.000612,0.025953,228
0.229000,0.000646,0.026859,229
0.230000,0.000682,0.027791,230
0.231000,0.000720,0.028749,231
0.232000,0.000760,0.029734,232
0.233000,0.000802,0.030747,233
0.234000,0.000845,0.031788,234
0.235000,0.000892,0.032858,235
0.236000,0.000940,0.033957,236
0.237000,0.000991,0.035086,237
0.238000,0.001044,0.036245,238
0.239000,0.001100,0.037435,239
0.240000,0.001159,0.038656,240
0.241000,0.001221,0.039909,241
0.242000,0.001286,0.041194,242
0.243000,0.001354,0.042513,243
0.244000,0.001425,0.043864,244
0.245000,0.001500,0.045250,245
0.246000,0.001578,0.046670,246
0.247000,0.001660,0.048125,247
0.248000,0.001746,0.049615,248
0.249000,0.001836,0.051142,249
0.250000,0.001930,0.052705,250
0.251000,0.002029,0.054304,251
0.252000,0.002133,0.055941,252
0.253000,0.002241,0.057616,253
0.254000,0.002354,0.059329,254
0.255000,0.002473,0.061081,255
0.256000,0.002596,0.062872,256
0.257000,0.002726,0.064703,257
0.258000,0.002862,0.066574,258
0.259000,0.003003,0.068485,259
0.260000,0.003151,0.070437,260
0.261000,0.003306,0.072430,261
0.262000,0.003467,0.074464,262
0.263000,0.003636,0.076540,263
0.264000,0.003812,0.078659,264
0.265000,0.003996,0.080820,265
0.266000,0.004188,0.083023,266
0.267000,0.004388,0.085270,267
0.268000,0.004597,0.087560,268
0.269000,0.004815,0.089894,269
0.270000,0.005042,0.092271,270
0.271000,0.005279,0.094693,271
0.272000,0.005525,0.097158,272
0.273000,0.005783,0.099668,273
0.274000,0.006051,0.102222,274
0.275000,0.006330,0.104821,275
0.276000,0.006620,0.107464,276
0.277000,0.006923,0.110152,277
0.278000,0.007238,0.112884,278
0.279000,0.007566,0.115661,279
0.280000,0.007907,0.118483,280
0.281000,0.008262,0.121350,281
0.282000,0.008631,0.124261,282
0.283000,0.009015,0.127216,283
0.284000,0.009414,0.130216,284
0.285000,0.009828,0.133259,285
0.286000,0.010259,0.136347,286
0.287000,0.010707,0.139479,287
0.288000,0.011171,0.142653,288
0.289000,0.011654,0.145871,289
0.290000,0.012155,0.149132,290
0.291000,0.012675,0.152435,291
0.292000,0.013215,0.155781,292
0.293000,0.013775,0.159168,293
0.294000,0.014356,0.162596,294
0.295000,0.014958,0.166064,295
0.296000,0.015583,0.169573,296
0.297000,0.016230,0.173122,297
0.298000,0.016901,0.176709,298
0.299000,0.017596,0.180335,299
0.300000,0.018316,0.183999,300
0.301000,0.019061,0.187699,301
0.302000,0.019833,0.191436,302
0.303000,0.020632,0.195208,303
0.304000,0.021459,0.199015,304
0.305000,0.022315,0.202856,305
0.306000,0.023200,0.206729,306
0.307000,0.024116,0.210635,307
0.308000,0.025062,0.214571,308
0.309000,0.026041,0.218538,309
0.310000,0.027052,0.222534,310
0.311000,0.028097,0.226557,311
0.312000,0.029176,0.230607,312
0.313000,0.030291,0.234683,313
0.314000,0.031442,0.238784,314
0.315000,0.032631,0.242907,315
0.316000,0.033857,0.247053,316
0.317000,0.035123,0.251219,317
0.318000,0.036429,0.255405,318
0.319000,0.037775,0.259609,319
0.320000,0.039164,0.263830,320
0.321000,0.040595,0.268066,321
0.322000,0.042071,0.272316,322
0.323000,0.043591,0.276578,323
0.324000,0.045157,0.280851,324
0.325000,0.046771,0.285134,325
0.326000,0.048432,0.289424,326
0.327000,0.050142,0.293721,327
0.328000,0.051902,0.298022,328
0.329000,0.053713,0.302326,329
0.330000,0.055576,0.306632,330
0.331000,0.057493,0.310937,331
0.332000,0.059463,0.315240,332
0.333000,0.061489,0.319540,333
0.334000,0.063571,0.323834,334
0.335000,0.065710,0.328120,335
0.336000,0.067908,0.332398,336
0.337000,0.070165,0.336665,337
0.338000,0.072483,0.340919,338
0.339000,0.074863,0.345158,339
0.340000,0.077305,0.349382,340
0.341000,0.079811,0.353587,341
0.342000,0.082381,0.357772,342
0.343000,0.085017,0.361935,343
0.344000,0.087720,0.366075,344
0.345000,0.090491,0.370189,345
0.346000,0.093331,0.374275,346
0.347000,0.096241,0.378332,347
0.348000,0.099222,0.382358,348
0.349000,0.102274,0.386351,349
0.350000,0.105399,0.390309,350
0.351000,0.108598,0.394230,351
0.352000,0.111872,0.398113,352
0.353000,0.115221,0.401955,353
0.354000,0.118647,0.405754,354
0.355000,0.122151,0.409510,355
0.356000,0.125732,0.413219,356
0.357000,0.129393,0.416881,357
0.358000,0.133134,0.420493,358
0.359000,0.136955,0.424054,359
0.360000,0.140858,0.427562,360
0.361000,0.144844,0.431015,361
0.362000,0.148912,0.434412,362
0.363000,0.153064,0.437750,363
0.364000,0.157300,0.441029,364
0.365000,0.161621,0.444247,365
0.366000,0.166028,0.447401,366
0.367000,0.170520,0.450491,367
0.368000,0.175100,0.453515,368
0.369000,0.179766,0.456472,369
0.370000,0.184520,0.459360,370
0.371000,0.189361,0.462177,371
0.372000,0.194291,0.464923,372
0.373000,0.199309,0.467596,373
0.374000,0.204416,0.470195,374
0.375000,0.209611,0.472718,375
0.376000,0.214896,0.475165,376
0.377000,0.220270,0.477534,377
0.378000,0.225734,0.479824,378
0.379000,0.231286,0.482034,379
0.380000,0.236928,0.484163,380
0.381000,0.242659,0.486211,381
0.382000,0.248478,0.488176,382
0.383000,0.254387,0.490058,383
0.384000,0.260383,0.491855,384
0.385000,0.266468,0.493568,385
0.386000,0.272641,0.495195,386
0.387000,0.278901,0.496736,387
0.388000,0.285247,0.498190,388
0.389000,0.291679,0.499558,389
0.390000,0.298197,0.500838,390
0.391000,0.304800,0.502030,391
0.392000,0.311486,0.503134,392
0.393000,0.318256,0.504149,393
0.394000,0.325107,0.505077,394
0.395000,0.332040,0.505915,395
0.396000,0.339053,0.506666,396
0.397000,0.346144,0.507328,397
0.398000,0.353313,0.507901,398
0.399000,0.360559,0.508387,399
0.400000,0.367879,0.508784,400
0.401000,0.375274,0.509095,401
0.402000,0.382740,0.509318,402
0.403000,0.390276,0.509454,403
0.404000,0.397882,0.509504,404
0.405000,0.405555,0.509469,405
0.406000,0.413292,0.509348,406
0.407000,0.421094,0.509144,407
0.408000,0.428956,0.508856,408
0.409000,0.436879,0.508486,409
0.410000,0.444858,0.508034,410
0.411000,0.452893,0.507501,411
0.412000,0.460980,0.506889,412
0.413000,0.469118,0.506199,413
0.414000,0.477305,0.505431,414
0.415000,0.485537,0.504587,415
0.416000,0.493812,0.503668,416
0.417000,0.502128,0.502676,417
0.418000,0.510482,0.501612,418
0.419000,0.518871,0.500478,419
0.420000,0.527292,0.499274,420
0.421000,0.535743,0.498003,421
0.422000,0.544221,0.496667,422
0.423000,0.552722,0.495266,423
0.424000,0.561244,0.493803,424
0.425000,0.569783,0.492279,425
0.426000,0.578336,0.490697,426
0.427000,0.586900,0.489058,427
0.428000,0.595473,0.487363,428
0.429000,0.604049,0.485616,429
0.430000,0.612626,0.483818,430
0.431000,0.621201,0.481971,431
0.432000,0.629770,0.480078,432
0.433000,0.638330,0.478139,433
0.434000,0.646876,0.476158,434
0.435000,0.655406,0.474137,435
0.436000,0.663916,0.472078,436
0.437000,0.672401,0.469982,437
0.438000,0.680859,0.467853,438
0.439000,0.689285,0.465693,439
0.440000,0.697676,0.463504,440
0.441000,0.706028,0.461289,441
0.442000,0.714337,0.459049,442
0.443000,0.722600,0.456787,443
0.444000,0.730811,0.454506,444
0.445000,0.738968,0.452207,445
0.446000,0.747067,0.449894,446
0.447000,0.755104,0.447569,447
0.448000,0.763074,0.445234,448
0.449000,0.770974,0.442891,449
0.450000,0.778801,0.440544,450
0.451000,0.786549,0.438194,451
0.452000,0.794216,0.435844,452
0.453000,0.801797,0.433496,453
0.454000,0.809288,0.431153,454
0.455000,0.816686,0.428817,455
0.456000,0.823987,0.426490,456
0.457000,0.831187,0.424176,457
0.458000,0.838283,0.421876,458
0.459000,0.845269,0.419592,459
0.460000,0.852144,0.417327,460
0.461000,0.858902,0.415084,461
0.462000,0.865541,0.412864,462
0.463000,0.872057,0.410669,463
0.464000,0.878447,0.408503,464
0.465000,0.884706,0.406367,465
0.466000,0.890831,0.404263,466
0.467000,0.896820,0.402194,467
0.468000,0.902668,0.400161,468
0.469000,0.908373,0.398166,469
0.470000,0.913931,0.396212,470
0.471000,0.919339,0.394301,471
0.472000,0.924595,0.392434,472
0.473000,0.929694,0.390613,473
0.474000,0.934634,0.388840,474
0.475000,0.939413,0.387117,475
0.476000,0.944027,0.385446,476
0.477000,0.948475,0.383828,477
0.478000,0.952753,0.382265,478
0.479000,0.956858,0.380758,479
0.480000,0.960789,0.379309,480
0.481000,0.964544,0.377919,481
0.482000,0.968119,0.376591,482
0.483000,0.971514,0.375324,483
0.484000,0.974725,0.374120,484
0.485000,0.977751,0.372981,485
0.486000,0.980591,0.371908,486
0.487000,0.983242,0.370901,487
0.488000,0.985703,0.369962,488
0.489000,0.987973,0.369092,489
0.490000,0.990050,0.368291,490
0.491000,0.991933,0.367560,491
0.492000,0.993620,0.366900,492
0.493000,0.995112,0.366312,493
0.494000,0.996406,0.365797,494
0.495000,0.997503,0.365354,495
0.496000,0.998401,0.364984,496
0.497000,0.999100,0.364687,497
0.498000,0.999600,0.364465,498
0.499000,0.999900,0.364316,499
0.500000,1.000000,0.364242,500
0.501000,0.999900,0.364242,501
0.502000,0.999600,0.364316,502
0.503000,0.999100,0.364465,503
0.504000,0.998401,0.364687,504
0.505000,0.997503,0.364984,505
0.506000,0.996406,0.365353,506
0.507000,0.995112,0.365797,507
0.508000,0.993620,0.366312,508
0.509000,0.991933,0.366900,509
0.510000,0.990050,0.367560,510
0.511000,0.987973,0.368291,511
0.512000,0.985703,0.369092,512
0.513000,0.983242,0.369962,513
0.514000,0.980591,0.370901,514
0.515000,0.977751,0.371908,515
0.516000,0.974725,0.372981,516
0.517000,0.971514,0.374120,517
0.518000,0.968119,0.375324,518
0.519000,0.964544,0.376590,519
0.520000,0.960789,0.377919,520
0.521000,0.956858,0.379309,521
0.522000,0.952753,0.380758,522
0.523000,0.948475,0.382264,523
0.524000,0.944027,0.383828,524
0.525000,0.939413,0.385446,525
0.526000,0.934634,0.387117,526
0.527000,0.929694,0.388840,527
0.528000,0.924595,0.390613,528
0.529000,0.919339,0.392433,529
0.530000,0.913931,0.394300,530
0.531000,0.908373,0.396212,531
0.532000,0.902668,0.398166,532
0.533000,0.896820,0.400160,533
0.534000,0.890831,0.402193,534
0.535000,0.884706,0.404263,535
0.536000,0.878447,0.406367,536
0.537000,0.872057,0.408503,537
0.538000,0.865541,0.410669,538
0.539000,0.858902,0.412863,539
0.540000,0.852144,0.415083,540
0.541000,0.845269,0.417327,541
0.542000,0.838283,0.419592,542
0.543000,0.831187,0.421875,543
0.544000,0.823987,0.424176,544
0.545000,0.816686,0.426490,545
0.546000,0.809288,0.428816,546
0.547000,0.801797,0.431152,547
0.548000,0.794216,0.433495,548
0.549000,0.786549,0.435843,549
0.550000,0.778801,0.438193,550
0.551000,0.770974,0.440543,551
0.552000,0.763074,0.442891,552
0.553000,0.755104,0.445233,553
0.554000,0.747067,0.447568,554
0.555000,0.738968,0.449894,555
0.556000,0.730811,0.452207,556
0.557000,0.722600,0.454505,557
0.558000,0.714337,0.456786,558
0.559000,0.706028,0.459048,559
0.560000,0.697676,0.461288,560
0.561000,0.689285,0.463504,561
0.562000,0.680859,0.465693,562
0.563000,0.672401,0.467853,563
0.564000,0.663916,0.469982,564
0.565000,0.655406,0.472077,565
0.566000,0.646876,0.474137,566
0.567000,0.638330,0.476158,567
0.568000,0.629770,0.478139,568
0.569000,0.621201,0.480077,569
0.570000,0.612626,0.481971,570
0.571000,0.604049,0.483818,571
0.572000,0.595473,0.485616,572
0.573000,0.586900,0.487363,573
0.574000,0.578336,0.489057,574
0.575000,0.569783,0.490697,575
0.576000,0.561244,0.492279,576
0.577000,0.552722,0.493803,577
0.578000,0.544221,0.495266,578
0.579000,0.535743,0.496666,579
0.580000,0.527292,0.498003,580
0.581000,0.518871,0.499274,581
0.582000,0.510482,0.500478,582
0.583000,0.502128,0.501612,583
0.584000,0.493812,0.502676,584
0.585000,0.485537,0.503668,585
0.586000,0.477305,0.504587,586
0.587000,0.469118,0.505431,587
0.588000,0.460980,0.506198,588
0.589000,0.452893,0.506889,589
0.590000,0.444858,0.507501,590
0.591000,0.436879,0.508034,591
0.592000,0.428956,0.508486,592
0.593000,0.421094,0.508856,593
0.594000,0.413292,0.509144,594
0.595000,0.405555,0.509348,595
0.596000,0.397882,0.509469,596
0.597000,0.390276,0.509504,597
0.598000,0.382740,0.509454,598
0.599000,0.375274,0.509317,599
0.600000,0.367879,0.509094,600
0.601000,0.360559,0.508784,601
0.602000,0.353313,0.508387,602
0.603000,0.346144,0.507901,603
0.604000,0.339053,0.507328,604
0.605000,0.332040,0.506666,605
0.606000,0.325107,0.505915,606
0.607000,0.318256,0.505077,607
0.608000,0.311486,0.504149,608
0.609000,0.304800,0.503134,609
0.610000,0.298197,0.502030,610
0.611000,0.291679,0.500838,611
0.612000,0.285247,0.499558,612
0.613000,0.278901,0.498190,613
0.614000,0.272641,0.496736,614
0.615000,0.266468,0.495195,615
0.616000,0.260383,0.493568,616
0.617000,0.254387,0.491855,617
0.618000,0.248478,0.490058,618
0.619000,0.242659,0.488176,619
0.620000,0.236928,0.486211,620
0.621000,0.231286,0.484163,621
0.622000,0.225734,0.482034,622
0.623000,0.220270,0.479824,623
0.624000,0.214896,0.477534,624
0.625000,0.209611,0.475165,625
0.626000,0.204416,0.472718,626
0.627000,0.199309,0.470195,627
0.628000,0.194291,0.467596,628
0.629000,0.189361,0.464923,629
0.630000,0.184520,0.462177,630
0.631000,0.179766,0.459360,631
0.632000,0.175100,0.456472,632
0.633000,0.170520,0.453515,633
0.634000,0.166028,0.450491,634
0.635000,0.161621,0.447401,635
0.636000,0.157300,0.444247,636
0.637000,0.153064,0.441029,637
0.638000,0.148912,0.437750,638
0.639000,0.144844,0.434412,639
0.640000,0.140858,0.431015,640
0.641000,0.136955,0.427562,641
0.642000,0.133134,0.424054,642
0.643000,0.129393,0.420493,643
0.644000,0.125732,0.416881,644
0.645000,0.122151,0.413219,645
0.646000,0.118647,0.409510,646
0.647000,0.115221,0.405755,647
0.648000,0.111872,0.401955,648
0.649000,0.108598,0.398113,649
0.650000,0.105399,0.394230,650
0.651000,0.102274,0.390309,651
0.652000,0.099222,0.386351,652
0.653000,0.096241,0.382358,653
0.654000,0.093331,0.378332,654
0.655000,0.090491,0.374275,655
0.656000,0.087720,0.370189,656
0.657000,0.085017,0.366075,657
0.658000,0.082381,0.361935,658
0.659000,0.079811,0.357772,659
0.660000,0.077305,0.353587,660
0.661000,0.074863,0.349382,661
0.662000,0.072483,0.345158,662
0.663000,0.070165,0.340919,663
0.664000,0.067908,0.336665,664
0.665000,0.065710,0.332398,665
0.666000,0.063571,0.328120,666
0.667000,0.061489,0.323834,667
0.668000,0.059463,0.319540,668
0.669000,0.057493,0.315240,669
0.670000,0.055576,0.310937,670
0.671000,0.053713,0.306632,671
0.672000,0.051902,0.302326,672
0.673000,0.050142,0.298022,673
0.674000,0.048432,0.293721,674
0.675000,0.046771,0.289424,675
0.676000,0.045157,0.285134,676
0.677000,0.043591,0.280851,677
0.678000,0.042071,0.276578,678
0.679000,0.040595,0.272316,679
0.680000,0.039164,0.268066,680
0.681000,0.037775,0.263830,681
0.682000,0.036429,0.259609,682
0.683000,0.035123,0.255405,683
0.684000,0.033857,0.251219,684
0.685000,0.032631,0.247053,685
0.686000,0.031442,0.242907,686
0.687000,0.030291,0.238784,687
0.688000,0.029176,0.234683,688
0.689000,0.028097,0.230607,689
0.690000,0.027052,0.226557,690
0.691000,0.026041,0.222534,691
0.692000,0.025062,0.218538,692
0.693000,0.024116,0.214572,693
0.694000,0.023200,0.210635,694
0.695000,0.022315,0.206729,695
0.696000,0.021459,0.202856,696
0.697000,0.020632,0.199015,697
0.698000,0.019833,0.195208,698
0.699000,0.019061,0.191436,699
0.700000,0.018316,0.187699,700
0.701000,0.017596,0.183999,701
0.702000,0.016901,0.180335,702
0.703000,0.016230,0.176709,703
0.704000,0.015583,0.173122,704
0.705000,0.014958,0.169573,705
0.706000,0.014356,0.166064,706
0.707000,0.013775,0.162596,707
0.708000,0.013215,0.159168,708
0.709000,0.012675,0.155781,709
0.710000,0.012155,0.152435,710
0.711000,0.011654,0.149132,711
0.712000,0.011171,0.145871,712
0.713000,0.010707,0.142653,713
0.714000,0.010259,0.139479,714
0.715000,0.009828,0.136347,715
0.716000,0.009414,0.133260,716
0.717000,0.009015,0.130216,717
0.718000,0.008631,0.127216,718
0.719000,0.008262,0.124261,719
0.720000,0.007907,0.121350,720
0.721000,0.007566,0.118483,721
0.722000,0.007238,0.115661,722
0.723000,0.006923,0.112884,723
0.724000,0.006620,0.110152,724
0.725000,0.006330,0.107464,725
0.726000,0.006051,0.104821,726
0.727000,0.005783,0.102222,727
0.728000,0.005525,0.099668,728
0.729000,0.005279,0.097158,729
0.730000,0.005042,0.094693,730
0.731000,0.004815,0.092271,731
0.732000,0.004597,0.089894,732
0.733000,0.004388,0.087560,733
0.734000,0.004188,0.085270,734
0.735000,0.003996,0.083024,735
0.736000,0.003812,0.080820,736
0.737000,0.003636,0.078659,737
0.738000,0.003467,0.076540,738
0.739000,0.003306,0.074464,739
0.740000,0.003151,0.072430,740
0.741000,0.003003,0.070437,741
0.742000,0.002862,0.068485,742
0.743000,0.002726,0.066574,743
0.744000,0.002596,0.064703,744
0.745000,0.002473,0.062872,745
0.746000,0.002354,0.061081,746
0.747000,0.002241,0.059329,747
0.748000,0.002133,0.057616,748
0.749000,0.002029,0.055941,749
0.750000,0.001930,0.054304,750
0.751000,0.001836,0.052705,751
0.752000,0.001746,0.051142,752
0.753000,0.001660,0.049615,753
0.754000,0.001578,0.048125,754
0.755000,0.001500,0.046670,755
0.756000,0.001425,0.045250,756
0.757000,0.001354,0.043864,757
0.758000,0.001286,0.042513,758
0.759000,0.001221,0.041194,759
0.760000,0.001159,0.039909,760
0.761000,0.001100,0.038656,761
0.762000,0.001044,0.037435,762
0.763000,0.000991,0.036245,763
0.764000,0.000940,0.035086,764
0.765000,0.000892,0.033957,765
0.766000,0.000845,0.032858,766
0.767000,0.000802,0.031788,767
0.768000,0.000760,0.030747,768
0.769000,0.000720,0.029734,769
0.770000,0.000682,0.028749,770
0.771000,0.000646,0.027791,771
0.772000,0.000612,0.026859,772
0.773000,0.000580,0.025953,773
0.774000,0.000549,0.025073,774
0.775000,0.000520,0.024218,775
0.776000,0.000492,0.023388,776
0.777000,0.000465,0.022581,777
0.778000,0.000440,0.021798,778
0.779000,0.000416,0.021037,779
0.780000,0.000394,0.020300,780
0.781000,0.000372,0.019584,781
0.782000,0.000352,0.018890,782
0.783000,0.000332,0.018216,783
0.784000,0.000314,0.017563,784
0.785000,0.000297,0.016930,785
0.786000,0.000280,0.016317,786
0.787000,0.000265,0.015723,787
0.788000,0.000250,0.015147,788
0.789000,0.000236,0.014590,789
0.790000,0.000223,0.014050,790
0.791000,0.000210,0.013527,791
0.792000,0.000198,0.013022,792
0.793000,0.000187,0.012532,793
0.794000,0.000176,0.012059,794
0.795000,0.000166,0.011601,795
0.796000,0.000157,0.011159,796
0.797000,0.000148,0.010731,797
0.798000,0.000139,0.010317,798
0.799000,0.000131,0.009918,799
0.800000,0.000123,0.009532,800
0.801000,0.000116,0.009159,801
0.802000,0.000109,0.008799,802
0.803000,0.000103,0.008451,803
0.804000,0.000097,0.008116,804
0.805000,0.000091,0.007792,805
0.806000,0.000086,0.007480,806
0.807000,0.000081,0.007179,807
0.808000,0.000076,0.006888,808
0.809000,0.000071,0.006608,809
0.810000,0.000067,0.006338,810
0.811000,0.000063,0.006078,811
0.812000,0.000059,0.005828,812
0.813000,0.000056,0.005586,813
0.814000,0.000052,0.005354,814
0.815000,0.000049,0.005130,815
0.816000,0.000046,0.004915,816
0.817000,0.000043,0.004707,817
0.818000,0.000041,0.004508,818
0.819000,0.000038,0.004316,819
0.820000,0.000036,0.004132,820
0.821000,0.000033,0.003954,821
0.822000,0.000031,0.003784,822
0.823000,0.000029,0.003620,823
0.824000,0.000028,0.003462,824
0.825000,0.000026,0.003311,825
0.826000,0.000024,0.003165,826
0.827000,0.000023,0.003026,827
0.828000,0.000021,0.002892,828
0.829000,0.000020,0.002763,829
0.830000,0.000019,0.002640,830
0.831000,0.000017,0.002521,831
0.832000,0.000016,0.002408,832
0.833000,0.000015,0.002299,833
0.834000,0.000014,0.002194,834
0.835000,0.000013,0.002094,835
0.836000,0.000013,0.001998,836
0.837000,0.000012,0.001906,837
0.838000,0.000011,0.001818,838
0.839000,0.000010,0.001734,839
0.840000,0.000010,0.001653,840
0.841000,0.000009,0.001576,841
0.842000,0.000008,0.001502,842
0.843000,0.000008,0.001431,843
0.844000,0.000007,0.001363,844
0.845000,0.000007,0.001298,845
0.846000,0.000006,0.001237,846
0.847000,0.000006,0.001177,847
0.848000,0.000006,0.001121,848
0.849000,0.000005,0.001067,849
0.850000,0.000005,0.001015,850
0.851000,0.000004,0.000965,851
0.852000,0.000004,0.000918,852
0.853000,0.000004,0.000873,853
0.854000,0.000004,0.000830,854
0.855000,0.000003,0.000789,855
0.856000,0.000003,0.000750,856
0.857000,0.000003,0.000713,857
0.858000,0.000003,0.000677,858
0.859000,0.000003,0.000643,859
0.860000,0.000002,0.000611,860
0.861000,0.000002,0.000580,861
0.862000,0.000002,0.000550,862
0.863000,0.000002,0.000522,863
0.864000,0.000002,0.000496,864
0.865000,0.000002,0.000470,865
0.866000,0.000002,0.000446,866
0.867000,0.000001,0.000423,867
0.868000,0.000001,0.000401,868
0.869000,0.000001,0.000380,869
0.870000,0.000001,0.000360,870
0.871000,0.000001,0.000341,871
0.872000,0.000001,0.000323,872
0.873000,0.000001,0.000306,873
0.874000,0.000001,0.000290,874
0.875000,0.000001,0.000275,875
0.876000,0.000001,0.000260,876
0.877000,0.000001,0.000246,877
0.878000,0.000001,0.000233,878
0.879000,0.000001,0.000220,879
0.880000,0.000001,0.000208,880
0.881000,0.000000,0.000197,881
0.882000,0.000000,0.000186,882
0.883000,0.000000,0.000176,883
0.884000,0.000000,0.000166,884
0.885000,0.000000,0.000157,885
0.886000,0.000000,0.000148,886
0.887000,0.000000,0.000140,887
0.888000,0.000000,0.000132,888
0.889000,0.000000,0.000125,889
0.890000,0.000000,0.000118,890
0.891000,0.000000,0.000111,891
0.892000,0.000000,0.000105,892
0.893000,0.000000,0.000099,893
0.894000,0.000000,0.000093,894
0.895000,0.000000,0.000088,895
0.896000,0.000000,0.000083,896
0.897000,0.000000,0.000078,897
0.898000,0.000000,0.000074,898
0.899000,0.000000,0.000070,899
0.900000,0.000000,0.000066,900
0.901000,0.000000,0.000062,901
0.902000,0.000000,0.000058,902
0.903000,0.000000,0.000055,903
0.904000,0.000000,0.000052,904
0.905000,0.000000,0.000048,905
0.906000,0.000000,0.000046,906
0.907000,0.000000,0.000043,907
0.908000,0.000000,0.000040,908
0.909000,0.000000,0.000038,909
0.910000,0.000000,0.000036,910
0.911000,0.000000,0.000034,911
0.912000,0.000000,0.000032,912
0.913000,0.000000,0.000030,913
0.914000,0.000000,0.000028,914
0.915000,0.000000,0.000026,915
0.916000,0.000000,0.000025,916
0.917000,0.000000,0.000023,917
0.918000,0.000000,0.000022,918
0.919000,0.000000,0.000020,919
0.920000,0.000000,0.000019,920
0.921000,0.000000,0.000018,921
0.922000,0.000000,0.000017,922
0.923000,0.000000,0.000016,923
0.924000,0.000000,0.000015,924
0.925000,0.000000,0.000014,925
0.926000,0.000000,0.000013,926
0.927000,0.000000,0.000012,927
0.928000,0.000000,0.000011,928
0.929000,0.000000,0.000011,929
0.930000,0.000000,0.000010,930
0.931000,0.000000,0.000009,931
0.932000,0.000000,0.000009,932
0.933000,0.000000,0.000008,933
0.934000,0.000000,0.000008,934
0.935000,0.000000,0.000007,935
0.936000,0.000000,0.000007,936
0.937000,0.000000,0.000006,937
0.938000,0.000000,0.000006,938
0.939000,0.000000,0.000005,939
0.940000,0.000000,0.000005,940
0.941000,0.000000,0.000005,941
0.942000,0.000000,0.000004,942
0.943000,0.000000,0.000004,943
0.944000,0.000000,0.000004,944
0.945000,0.000000,0.000004,945
0.946000,0.000000,0.000003,946
0.947000,0.000000,0.000003,947
0.948000,0.000000,0.000003,948
0.949000,0.000000,0.000003,949
0.950000,0.000000,0.000003,950
0.951000,0.000000,0.000002,951
0.952000,0.000000,0.000002,952
0.953000,0.000000,0.000002,953
0.954000,0.000000,0.000002,954
0.955000,0.000000,0.000002,955
0.956000,0.000000,0.000002,956
0.957000,0.000000,0.000002,957
0.958000,0.000000,0.000001,958
0.959000,0.000000,0.000001,959
0.960000,0.000000,0.000001,960
0.961000,0.000000,0.000001,961
0.962000,0.000000,0.000001,962
0.963000,0.000000,0.000001,963
0.964000,0.000000,0.000001,964
0.965000,0.000000,0.000001,965
0.966000,0.000000,0.000001,966
0.967000,0.000000,0.000001,967
0.968000,0.000000,0.000001,968
0.969000,0.000000,0.000001,969
0.970000,0.000000,0.000001,970
0.971000,0.000000,0.000001,971
0.972000,0.000000,0.000001,972
0.973000,0.000000,0.000000,973
0.974000,0.000000,0.000000,974
0.975000,0.000000,0.000000,975
0.976000,0.000000,0.000000,976
0.977000,0.000000,0.000000,977
0.978000,0.000000,0.000000,978
0.979000,0.000000,0.000000,979
0.980000,0.000000,0.000000,980
0.981000,0.000000,0.000000,981
0.982000,0.000000,0.000000,982
0.983000,0.000000,0.000000,983
0.984000,0.000000,0.000000,984
0.985000,0.000000,0.000000,985
0.986000,0.000000,0.000000,986
0.987000,0.000000,0.000000,987
0.988000,0.000000,0.000000,988
0.989000,0.000000,0.000000,989
0.990000,0.000000,0.000000,990
0.991000,0.000000,0.000000,991
0.992000,0.000000,0.000000,992
0.993000,0.000000,0.000000,993
0.994000,0.000000,0.000000,994
0.995000,0.000000,0.000000,995
0.996000,0.000000,0.000000,996
0.997000,0.000000,0.000000,997
0.998000,0.000000,0.000000,998
0.999000,0.000000,0.000000,999
1.000000,0.000000,0.000000,1000
