0.00000000,0.00000000,35.00000000,0.00000000
0.00000000,0.00000000,35.00000000,0.00000000
0.18532957,0.01907876,35.00040385,0.01000000
0.37066376,0.03815728,35.00161541,0.02000000
0.55600720,0.05723535,35.00363472,0.03000000
0.74136449,0.07631273,35.00646187,0.04000000
0.92674026,0.09538920,35.01009696,0.05000000
1.11213914,0.11446452,35.01454014,0.06000000
1.29756577,0.13353847,35.01979157,0.07000000
1.48302476,0.15261082,35.02585145,0.08000000
1.66852077,0.17168135,35.03272002,0.09000000
1.85405842,0.19074982,35.04039755,0.10000000
2.03964239,0.20981600,35.04888431,0.11000000
2.22527731,0.22887968,35.05818065,0.12000000
2.41096785,0.24794063,35.06828691,0.13000000
2.59671870,0.26699862,35.07920348,0.14000000
2.78253452,0.28605342,35.09093077,0.15000000
2.96842001,0.30510482,35.10346923,0.16000000
3.15437987,0.32415258,35.11681934,0.17000000
3.34041881,0.34319649,35.13098160,0.18000000
3.52654156,0.36223633,35.14595655,0.19000000
3.71275284,0.38127187,35.16174475,0.20000000
3.89905742,0.40030290,35.17834679,0.21000000
4.08546004,0.41932919,35.19576331,0.22000000
4.27196549,0.43835052,35.21399495,0.23000000
4.45857856,0.45736669,35.23304239,0.24000000
4.64530405,0.47637747,35.25290634,0.25000000
4.83214679,0.49538265,35.27358755,0.26000000
5.01911162,0.51438201,35.29508677,0.27000000
5.20620338,0.53337535,35.31740481,0.28000000
5.39342697,0.55236245,35.34054248,0.29000000
5.58078727,0.57134309,35.36450064,0.30000000
5.76828919,0.59031708,35.38928015,0.31000000
5.95593768,0.60928420,35.41488192,0.32000000
6.14373767,0.62824425,35.44130689,0.33000000
6.33169416,0.64719703,35.46855600,0.34000000
6.51981213,0.66614232,35.49663024,0.35000000
6.70809661,0.68507993,35.52553062,0.36000000
6.89655264,0.70400966,35.55525816,0.37000000
7.08518529,0.72293131,35.58581392,0.38000000
7.27399965,0.74184468,35.61719899,0.39000000
7.46300083,0.76074957,35.64941446,0.40000000
7.65219398,0.77964580,35.68246147,0.41000000
7.84158428,0.79853316,35.71634117,0.42000000
8.03117690,0.81741148,35.75105472,0.43000000
8.22097709,0.83628056,35.78660333,0.44000000
8.41099009,0.85514021,35.82298822,0.45000000
8.60122117,0.87399024,35.86021061,0.46000000
8.79167566,0.89283049,35.89827178,0.47000000
8.98235889,0.91166075,35.93717300,0.48000000
9.17327624,0.93048086,35.97691557,0.49000000
9.36443309,0.94929064,36.01750081,0.50000000
9.55583489,0.96808991,36.05893005,0.51000000
9.74748711,0.98687849,36.10120466,0.52000000
9.93939523,1.00565622,36.14432599,0.53000000
10.13156480,1.02442292,36.18829545,0.54000000
10.32400138,1.04317843,36.23311443,0.55000000
10.51671056,1.06192258,36.27878436,0.56000000
10.70969799,1.08065521,36.32530667,0.57000000
10.90296934,1.09937616,36.37268281,0.58000000
11.09653031,1.11808527,36.42091424,0.59000000
11.29038664,1.13678237,36.47000243,0.60000000
11.48454412,1.15546732,36.51994889,0.61000000
11.67900857,1.17413996,36.57075509,0.62000000
11.87378584,1.19280015,36.62242255,0.63000000
12.06888183,1.21144772,36.67495279,0.64000000
12.26430247,1.23008255,36.72834732,0.65000000
12.46005374,1.24870447,36.78260770,0.66000000
12.65614165,1.26731336,36.83773545,0.67000000
12.85257226,1.28590907,36.89373212,0.68000000
13.04935166,1.30449146,36.95059927,0.69000000
13.24648600,1.32306041,37.00833844,0.70000000
13.44398145,1.34161577,37.06695120,0.71000000
13.64184423,1.36015742,37.12643911,0.72000000
13.84008062,1.37868522,37.18680373,0.73000000
14.03869692,1.39719906,37.24804661,0.74000000
14.23769948,1.41569881,37.31016932,0.75000000
14.43709470,1.43418435,37.37317342,0.76000000
14.63688903,1.45265556,37.43706046,0.77000000
14.83708894,1.47111232,37.50183198,0.78000000
15.03770098,1.48955452,37.56748954,0.79000000
15.23873172,1.50798205,37.63403466,0.80000000
15.44018778,1.52639480,37.70146889,0.81000000
15.64207584,1.54479266,37.76979372,0.82000000
15.84440261,1.56317553,37.83901067,0.83000000
16.04717486,1.58154331,37.90912124,0.84000000
16.25039941,1.59989590,37.98012691,0.85000000
16.45408310,1.61823319,38.05202914,0.86000000
16.65823286,1.63655510,38.12482937,0.87000000
16.86285564,1.65486152,38.19852905,0.88000000
17.06795844,1.67315239,38.27312958,0.89000000
17.27354831,1.69142759,38.34863236,0.90000000
17.47963238,1.70968705,38.42503874,0.91000000
17.68621778,1.72793069,38.50235007,0.92000000
17.89331172,1.74615843,38.58056768,0.93000000
18.10092146,1.76437018,38.65969283,0.94000000
18.30905430,1.78256587,38.73972681,0.95000000
18.51771759,1.80074542,38.82067082,0.96000000
18.72691874,1.81890878,38.90252607,0.97000000
18.93666521,1.83705586,38.98529372,0.98000000
19.14696449,1.85518659,39.06897489,0.99000000
19.35782416,1.87330093,39.15357065,1.00000000
19.56925181,1.89139880,39.23908205,1.01000000
19.78125511,1.90948014,39.32551010,1.02000000
19.99384176,1.92754490,39.41285574,1.03000000
20.20701954,1.94559303,39.50111988,1.04000000
20.42079625,1.96362446,39.59030338,1.05000000
20.63517976,1.98163915,39.68040704,1.06000000
20.85017798,1.99963705,39.77143162,1.07000000
21.06579888,2.01761811,39.86337780,1.08000000
21.28205048,2.03558230,39.95624624,1.09000000
21.49894086,2.05352956,40.05003750,1.10000000
21.71647813,2.07145986,40.14475209,1.11000000
21.93467046,2.08937317,40.24039047,1.12000000
22.15352608,2.10726944,40.33695301,1.13000000
22.37305325,2.12514865,40.43444002,1.14000000
22.59326031,2.14301076,40.53285174,1.15000000
22.81415564,2.16085575,40.63218831,1.16000000
23.03574764,2.17868359,40.73244983,1.17000000
23.25804480,2.19649425,40.83363628,1.18000000
23.48105564,2.21428772,40.93574758,1.19000000
23.70478873,2.23206397,41.03878356,1.20000000
23.92925269,2.24982298,41.14274395,1.21000000
24.15445620,2.26756475,41.24762839,1.22000000
24.38040797,2.28528925,41.35343642,1.23000000
24.60711676,2.30299647,41.46016749,1.24000000
24.83459139,2.32068641,41.56782095,1.25000000
25.06284072,2.33835905,41.67639602,1.26000000
25.29187365,2.35601440,41.78589185,1.27000000
25.52169912,2.37365244,41.89630743,1.28000000
25.75232614,2.39127318,42.00764167,1.29000000
25.98376375,2.40887662,42.11989336,1.30000000
26.21602101,2.42646275,42.23306114,1.31000000
26.44910707,2.44403158,42.34714356,1.32000000
26.68303107,2.46158312,42.46213900,1.33000000
26.91780224,2.47911738,42.57804575,1.34000000
27.15342981,2.49663436,42.69486192,1.35000000
27.38992308,2.51413408,42.81258552,1.36000000
27.62729136,2.53161654,42.93121438,1.37000000
27.86554403,2.54908177,43.05074621,1.38000000
28.10469047,2.56652979,43.17117855,1.39000000
28.34474011,2.58396060,43.29250879,1.40000000
28.58570244,2.60137423,43.41473416,1.41000000
28.82758693,2.61877070,43.53785173,1.42000000
29.07040313,2.63615004,43.66185839,1.43000000
29.31416060,2.65351227,43.78675087,1.44000000
29.55886892,2.67085742,43.91252571,1.45000000
29.80453772,2.68818551,44.03917929,1.46000000
30.05117662,2.70549659,44.16670779,1.47000000
30.29879531,2.72279067,44.29510720,1.48000000
30.54740347,2.74006780,44.42437333,1.49000000
30.79701081,2.75732800,44.55450177,1.50000000
31.04762706,2.77457132,44.68548792,1.51000000
31.29926198,2.79179780,44.81732699,1.52000000
31.55192531,2.80900747,44.95001395,1.53000000
31.80562685,2.82620037,45.08354357,1.54000000
32.06037638,2.84337655,45.21791040,1.55000000
32.31618370,2.86053606,45.35310876,1.56000000
32.57305862,2.87767893,45.48913274,1.57000000
32.83101095,2.89480522,45.62597619,1.58000000
33.09005051,2.91191497,45.76363275,1.59000000
33.35018712,2.92900824,45.90209578,1.60000000
33.61143058,2.94608507,46.04135841,1.61000000
33.87379073,2.96314552,46.18141353,1.62000000
34.13727736,2.98018965,46.32225373,1.63000000
34.40190027,2.99721750,46.46387139,1.64000000
34.66766925,3.01422914,46.60625858,1.65000000
34.93459407,3.03122463,46.74940713,1.66000000
35.20268449,3.04820401,46.89330857,1.67000000
35.47195023,3.06516737,47.03795416,1.68000000
35.74240103,3.08211474,47.18333487,1.69000000
36.01404655,3.09904621,47.32944138,1.70000000
36.28689647,3.11596183,47.47626408,1.71000000
36.56096040,3.13286168,47.62379306,1.72000000
36.83624793,3.14974580,47.77201808,1.73000000
37.11276862,3.16661429,47.92092863,1.74000000
37.39053196,3.18346719,48.07051385,1.75000000
37.66954744,3.20030459,48.22076258,1.76000000
37.94982445,3.21712656,48.37166334,1.77000000
38.23137235,3.23393317,48.52320430,1.78000000
38.51420045,3.25072448,48.67537333,1.79000000
38.79831799,3.26750059,48.82815793,1.80000000
39.08373413,3.28426156,48.98154528,1.81000000
39.37045799,3.30100746,49.13552220,1.82000000
39.65849860,3.31773838,49.29007518,1.83000000
39.94786490,3.33445440,49.44519034,1.84000000
40.23856577,3.35115560,49.60085343,1.85000000
40.53061000,3.36784205,49.75704987,1.86000000
40.82400628,3.38451384,49.91376470,1.87000000
41.11876320,3.40117105,50.07098257,1.88000000
41.41488926,3.41781377,50.22868778,1.89000000
41.71239286,3.43444208,50.38686426,1.90000000
42.01128226,3.45105606,50.54549553,1.91000000
42.31156565,3.46765580,50.70456474,1.92000000
42.61325106,3.48424139,50.86405467,1.93000000
42.91634641,3.50081292,51.02394769,1.94000000
43.22085949,3.51737048,51.18422577,1.95000000
43.52679796,3.53391415,51.34487052,1.96000000
43.83416932,3.55044403,51.50586311,1.97000000
44.14298093,3.56696020,51.66718433,1.98000000
44.45324002,3.58346277,51.82881458,1.99000000
44.76495363,3.59995182,51.99073382,2.00000000
45.07812865,3.61642744,52.15292164,2.01000000
45.39277180,3.63288974,52.31535720,2.02000000
45.70888963,3.64933881,52.47801926,2.03000000
46.02648849,3.66577474,52.64088616,2.04000000
46.34557456,3.68219763,52.80393584,2.05000000
46.66615382,3.69860757,52.96714583,2.06000000
46.98823205,3.71500468,53.13049322,2.07000000
47.31181483,3.73138903,53.29395473,2.08000000
47.63690752,3.74776075,53.45750663,2.09000000
47.96351526,3.76411991,53.62112479,2.10000000
48.29164297,3.78046663,53.78478469,2.11000000
48.62129535,3.79680101,53.94846136,2.12000000
48.95247684,3.81312315,54.11212945,2.13000000
49.28519165,3.82943315,54.27576320,2.14000000
49.61944373,3.84573111,54.43933643,2.15000000
49.95523679,3.86201715,54.60282256,2.16000000
50.29257425,3.87829135,54.76619463,2.17000000
50.63145929,3.89455384,54.92942525,2.18000000
50.97189479,3.91080471,55.09248665,2.19000000
51.31388336,3.92704407,55.25535068,2.20000000
51.65742730,3.94327203,55.41798879,2.21000000
52.00252864,3.95948869,55.58037204,2.22000000
52.34918910,3.97569417,55.74247113,2.23000000
52.69741007,3.99188856,55.90425638,2.24000000
53.04719265,4.00807199,56.06569774,2.25000000
53.39853760,4.02424455,56.22676479,2.26000000
53.75144536,4.04040637,56.38742677,2.27000000
54.10591603,4.05655754,56.54765258,2.28000000
54.46194937,4.07269818,56.70741074,2.29000000
54.81954478,4.08882841,56.86666949,2.30000000
55.17870132,4.10494832,57.02539669,2.31000000
55.53941769,4.12105804,57.18355993,2.32000000
55.90169221,4.13715768,57.34112646,2.33000000
56.26552284,4.15324735,57.49806324,2.34000000
56.63090714,4.16932716,57.65433695,2.35000000
56.99784232,4.18539723,57.80991399,2.36000000
57.36632516,4.20145767,57.96476048,2.37000000
57.73635207,4.21750859,58.11884229,2.38000000
58.10791904,4.23355012,58.27212505,2.39000000
58.48102168,4.24958236,58.42457414,2.40000000
58.85565515,4.26560543,58.57615475,2.41000000
59.23181422,4.28161946,58.72683182,2.42000000
59.60949324,4.29762454,58.87657014,2.43000000
59.98868610,4.31362081,59.02533429,2.44000000
60.36938628,4.32960837,59.17308869,2.45000000
60.75158684,4.34558735,59.31979762,2.46000000
61.13528037,4.36155786,59.46542520,2.47000000
61.52045902,4.37752003,59.60993544,2.48000000
61.90711451,4.39347396,59.75329227,2.49000000
62.29523809,4.40941978,59.89545949,2.50000000
62.68482057,4.42535760,60.03640086,2.51000000
63.07585227,4.44128755,60.17608006,2.52000000
63.46832308,4.45720975,60.31446076,2.53000000
63.86222242,4.47312431,60.45150658,2.54000000
64.25753922,4.48903136,60.58718118,2.55000000
64.65426199,4.50493101,60.72144819,2.56000000
65.05237871,4.52082339,60.85427132,2.57000000
65.45187693,4.53670861,60.98561430,2.58000000
65.85274371,4.55258680,61.11544097,2.59000000
66.25496563,4.56845808,61.24371524,2.60000000
66.65852882,4.58432257,61.37040115,2.61000000
67.06341891,4.60018039,61.49546287,2.62000000
67.46962106,4.61603167,61.61886472,2.63000000
67.87711995,4.63187652,61.74057122,2.64000000
68.28589981,4.64771507,61.86054708,2.65000000
68.69594437,4.66354744,61.97875722,2.66000000
69.10723689,4.67937375,62.09516681,2.67000000
69.51976018,4.69519413,62.20974129,2.68000000
69.93349656,4.71100870,62.32244638,2.69000000
70.34842790,4.72681758,62.43324810,2.70000000
70.76453558,4.74262090,62.54211283,2.71000000
71.18180056,4.75841878,62.64900726,2.72000000
71.60020331,4.77421134,62.75389848,2.73000000
72.01972385,4.78999871,62.85675398,2.74000000
72.44034178,4.80578101,62.95754165,2.75000000
72.86203622,4.82155837,63.05622984,2.76000000
73.28478587,4.83733090,63.15278734,2.77000000
73.70856899,4.85309875,63.24718345,2.78000000
74.13336343,4.86886202,63.33938795,2.79000000
74.55914658,4.88462085,63.42937117,2.80000000
74.98589546,4.90037536,63.51710398,2.81000000
75.41358664,4.91612567,63.60255782,2.82000000
75.84219631,4.93187191,63.68570473,2.83000000
76.27170028,4.94761421,63.76651733,2.84000000
76.70207393,4.96335269,63.84496893,2.85000000
77.13329231,4.97908748,63.92103343,2.86000000
77.56533008,4.99481870,63.99468546,2.87000000
77.99816153,5.01054647,64.06590029,2.88000000
78.43176061,5.02627093,64.13465395,2.89000000
78.86610095,5.04199220,64.20092317,2.90000000
79.30115580,5.05771041,64.26468543,2.91000000
79.73689814,5.07342568,64.32591898,2.92000000
80.17330060,5.08913814,64.38460286,2.93000000
80.61033555,5.10484791,64.44071691,2.94000000
81.04797503,5.12055513,64.49424177,2.95000000
81.48619084,5.13625991,64.54515892,2.96000000
81.92495450,5.15196239,64.59345071,2.97000000
82.36423728,5.16766268,64.63910031,2.98000000
82.80401020,5.18336093,64.68209179,2.99000000
83.24424407,5.19905725,64.72241011,3.00000000
83.68490948,5.21475177,64.76004112,3.01000000
84.12597681,5.23044462,64.79497159,3.02000000
84.56741627,5.24613592,64.82718920,3.03000000
85.00919788,5.26182581,64.85668258,3.04000000
85.45129151,5.27751440,64.88344129,3.05000000
85.89366686,5.29320183,64.90745585,3.06000000
86.33629353,5.30888823,64.92871774,3.07000000
86.77914099,5.32457371,64.94721940,3.08000000
87.22217858,5.34025841,64.96295425,3.09000000
87.66537560,5.35594245,64.97591668,3.10000000
88.10870122,5.37162597,64.98610208,3.11000000
88.55212460,5.38730908,64.99350681,3.12000000
88.99561481,5.40299192,64.99812822,3.13000000
89.43914091,5.41867461,64.99996467,3.14000000
89.88267194,5.43435729,64.99901550,3.15000000
90.32617694,5.45004006,64.99528105,3.16000000
90.76962495,5.46572308,64.98876266,3.17000000
91.21298507,5.48140645,64.97946264,3.18000000
91.65622640,5.49709031,64.96738433,3.19000000
92.09931811,5.51277479,64.95253202,3.20000000
92.54222946,5.52846001,64.93491100,3.21000000
92.98492978,5.54414610,64.91452756,3.22000000
93.42738849,5.55983318,64.89138892,3.23000000
93.86957515,5.57552139,64.86550332,3.24000000
94.31145942,5.59121085,64.83687993,3.25000000
94.75301113,5.60690169,64.80552888,3.26000000
95.19420024,5.62259404,64.77146126,3.27000000
95.63499690,5.63828801,64.73468906,3.28000000
96.07537143,5.65398374,64.69522524,3.29000000
96.51529436,5.66968136,64.65308365,3.30000000
96.95473641,5.68538099,64.60827905,3.31000000
97.39366856,5.70108276,64.56082710,3.32000000
97.83206198,5.71678680,64.51074433,3.33000000
98.26988812,5.73249322,64.45804813,3.34000000
98.70711867,5.74820217,64.40275676,3.35000000
99.14372562,5.76391376,64.34488930,3.36000000
99.57968121,5.77962812,64.28446566,3.37000000
100.01495800,5.79534537,64.22150655,3.38000000
100.44952884,5.81106565,64.15603347,3.39000000
100.88336692,5.82678909,64.08806869,3.40000000
101.31644573,5.84251579,64.01763525,3.41000000
101.74873911,5.85824590,63.94475689,3.42000000
102.18022126,5.87397954,63.86945811,3.43000000
102.61086671,5.88971683,63.79176408,3.44000000
103.04065039,5.90545790,63.71170066,3.45000000
103.46954757,5.92120287,63.62929437,3.46000000
103.89753392,5.93695187,63.54457235,3.47000000
104.32458551,5.95270503,63.45756239,3.48000000
104.75067879,5.96846247,63.36829286,3.49000000
105.17579063,5.98422431,63.27679270,3.50000000
105.59989832,5.99999069,63.18309144,3.51000000
106.02297954,6.01576172,63.08721909,3.52000000
106.44501243,6.03153753,62.98920623,3.53000000
106.86597555,6.04731824,62.88908390,3.54000000
107.28584788,6.06310398,62.78688360,3.55000000
107.70460887,6.07889487,62.68263731,3.56000000
108.12223840,6.09469105,62.57637741,3.57000000
108.53871681,6.11049262,62.46813669,3.58000000
108.95402488,6.12629971,62.35794832,3.59000000
109.36814389,6.14211246,62.24584584,3.60000000
109.78105552,6.15793097,62.13186312,3.61000000
110.19274197,6.17375538,62.01603432,3.62000000
110.60318589,6.18958581,61.89839395,3.63000000
111.01237038,6.20542238,61.77897673,3.64000000
111.42027904,6.22126521,61.65781767,3.65000000
111.82689592,6.23711442,61.53495200,3.66000000
112.23220557,6.25297014,61.41041513,3.67000000
112.63619300,6.26883250,61.28424270,3.68000000
113.03884369,6.28470160,61.15647047,3.69000000
113.44014361,6.30057758,61.02713438,3.70000000
113.84007918,6.31646055,60.89627047,3.71000000
114.23863733,6.33235063,60.76391488,3.72000000
114.63580543,6.34824795,60.63010385,3.73000000
115.03157135,6.36415263,60.49487367,3.74000000
115.42592342,6.38006479,60.35826068,3.75000000
115.81885043,6.39598454,60.22030123,3.76000000
116.21034165,6.41191201,60.08103170,3.77000000
116.60038682,6.42784731,59.94048842,3.78000000
116.98897612,6.44379057,59.79870774,3.79000000
117.37610021,6.45974191,59.65572591,3.80000000
117.76175021,6.47570143,59.51157914,3.81000000
118.14591767,6.49166927,59.36630355,3.82000000
118.52859461,6.50764554,59.21993517,3.83000000
118.90977348,6.52363036,59.07250990,3.84000000
119.28944720,6.53962384,58.92406352,3.85000000
119.66760910,6.55562611,58.77463165,3.86000000
120.04425296,6.57163727,58.62424976,3.87000000
120.41937297,6.58765745,58.47295315,3.88000000
120.79296377,6.60368675,58.32077690,3.89000000
121.16502039,6.61972531,58.16775593,3.90000000
121.53553832,6.63577323,58.01392490,3.91000000
121.90451340,6.65183063,57.85931827,3.92000000
122.27194192,6.66789762,57.70397024,3.93000000
122.63782055,6.68397431,57.54791478,3.94000000
123.00214635,6.70006083,57.39118558,3.95000000
123.36491678,6.71615728,57.23381604,3.96000000
123.72612967,6.73226377,57.07583931,3.97000000
124.08578322,6.74838043,56.91728821,3.98000000
124.44387602,6.76450736,56.75819528,3.99000000
124.80040701,6.78064467,56.59859273,4.00000000
125.15537548,6.79679247,56.43851245,4.01000000
125.50878107,6.81295089,56.27798601,4.02000000
125.86062380,6.82912001,56.11704463,4.03000000
126.21090397,6.84529997,55.95571918,4.04000000
126.55962226,6.86149086,55.79404019,4.05000000
126.90677965,6.87769279,55.63203783,4.06000000
127.25237745,6.89390588,55.46974190,4.07000000
127.59641727,6.91013023,55.30718181,4.08000000
127.93890103,6.92636595,55.14438663,4.09000000
128.27983096,6.94261314,54.98138502,4.10000000
128.61920957,6.95887191,54.81820526,4.11000000
128.95703965,6.97514238,54.65487526,4.12000000
129.29332429,6.99142463,54.49142252,4.13000000
129.62806683,7.00771878,54.32787413,4.14000000
129.96127089,7.02402494,54.16425680,4.15000000
130.29294035,7.04034320,54.00059683,4.16000000
130.62307932,7.05667367,53.83692012,4.17000000
130.95169219,7.07301645,53.67325215,4.18000000
131.27878357,7.08937164,53.50961801,4.19000000
131.60435830,7.10573934,53.34604236,4.20000000
131.92842146,7.12211966,53.18254947,4.21000000
132.25097834,7.13851269,53.01916318,4.22000000
132.57203445,7.15491854,52.85590692,4.23000000
132.89159551,7.17133729,52.69280372,4.24000000
133.20966743,7.18776906,52.52987618,4.25000000
133.52625633,7.20421393,52.36714651,4.26000000
133.84136851,7.22067200,52.20463647,4.27000000
134.15501045,7.23714337,52.04236746,4.28000000
134.46718883,7.25362814,51.88036043,4.29000000
134.77791047,7.27012639,51.71863594,4.30000000
135.08718237,7.28663822,51.55721413,4.31000000
135.39501171,7.30316372,51.39611476,4.32000000
135.70140578,7.31970299,51.23535716,4.33000000
136.00637207,7.33625611,51.07496026,4.34000000
136.30991817,7.35282318,50.91494261,4.35000000
136.61205184,7.36940428,50.75532235,4.36000000
136.91278094,7.38599951,50.59611724,4.37000000
137.21211350,7.40260895,50.43734462,4.38000000
137.51005762,7.41923268,50.27902148,4.39000000
137.80662156,7.43587080,50.12116439,4.40000000
138.10181368,7.45252338,49.96378956,4.41000000
138.39564244,7.46919052,49.80691282,4.42000000
138.68811639,7.48587229,49.65054962,4.43000000
138.97924422,7.50256878,49.49471503,4.44000000
139.26903467,7.51928007,49.33942378,4.45000000
139.55749658,7.53600624,49.18469021,4.46000000
139.84463889,7.55274736,49.03052831,4.47000000
140.13047059,7.56950353,48.87695171,4.48000000
140.41500078,7.58627480,48.72397371,4.49000000
140.69823861,7.60306126,48.57160723,4.50000000
140.98019329,7.61986299,48.41986488,4.51000000
141.26087410,7.63668006,48.26875889,4.52000000
141.54029039,7.65351253,48.11830121,4.53000000
141.81845156,7.67036049,47.96850341,4.54000000
142.09536704,7.68722401,47.81937677,4.55000000
142.37104634,7.70410315,47.67093223,4.56000000
142.64549898,7.72099797,47.52318042,4.57000000
142.91873456,7.73790856,47.37613166,4.58000000
143.19076267,7.75483498,47.22979596,4.59000000
143.46159297,7.77177728,47.08418303,4.60000000
143.73123514,7.78873554,46.93930229,4.61000000
143.99969888,7.80570981,46.79516285,4.62000000
144.26699392,7.82270016,46.65177356,4.63000000
144.53313001,7.83970665,46.50914295,4.64000000
144.79811692,7.85672933,46.36727930,4.65000000
145.06196442,7.87376827,46.22619061,4.66000000
145.32468232,7.89082351,46.08588461,4.67000000
145.58628043,7.90789512,45.94636876,4.68000000
145.84676854,7.92498315,45.80765027,4.69000000
146.10615647,7.94208764,45.66973610,4.70000000
146.36445405,7.95920866,45.53263294,4.71000000
146.62167110,7.97634625,45.39634725,4.72000000
146.87781742,7.99350045,45.26088526,4.73000000
147.13290282,8.01067131,45.12625294,4.74000000
147.38693711,8.02785888,44.99245604,4.75000000
147.63993009,8.04506321,44.85950008,4.76000000
147.89189152,8.06228432,44.72739038,4.77000000
148.14283119,8.07952227,44.59613201,4.78000000
148.39275884,8.09677710,44.46572986,4.79000000
148.64168422,8.11404883,44.33618857,4.80000000
148.88961703,8.13133751,44.20751262,4.81000000
149.13656698,8.14864317,44.07970627,4.82000000
149.38254373,8.16596584,43.95277357,4.83000000
149.62755695,8.18330555,43.82671842,4.84000000
149.87161625,8.20066234,43.70154450,4.85000000
150.11473124,8.21803622,43.57725532,4.86000000
150.35691147,8.23542724,43.45385420,4.87000000
150.59816650,8.25283540,43.33134431,4.88000000
150.83850584,8.27026074,43.20972864,4.89000000
151.07793895,8.28770327,43.08900999,4.90000000
151.31647529,8.30516301,42.96919105,4.91000000
151.55412426,8.32263998,42.85027431,4.92000000
151.79089523,8.34013420,42.73226212,4.93000000
152.02679754,8.35764568,42.61515667,4.94000000
152.26184050,8.37517444,42.49896004,4.95000000
152.49603335,8.39272047,42.38367412,4.96000000
152.72938532,8.41028380,42.26930070,4.97000000
152.96190559,8.42786442,42.15584141,4.98000000
153.19360329,8.44546234,42.04329777,4.99000000
153.42448752,8.46307757,41.93167116,5.00000000
153.65456733,8.48071010,41.82096283,5.01000000
153.88385174,8.49835993,41.71117392,5.02000000
154.11234970,8.51602707,41.60230546,5.03000000
154.34007013,8.53371150,41.49435835,5.04000000
154.56702191,8.55141322,41.38733339,5.05000000
154.79321386,8.56913222,41.28123128,5.06000000
155.01865476,8.58686849,41.17605259,5.07000000
155.24335335,8.60462201,41.07179782,5.08000000
155.46731831,8.62239277,40.96846736,5.09000000
155.69055828,8.64018075,40.86606150,5.10000000
155.91308184,8.65798594,40.76458044,5.11000000
156.13489753,8.67580831,40.66402430,5.12000000
156.35601385,8.69364784,40.56439310,5.13000000
156.57643923,8.71150450,40.46568681,5.14000000
156.79618207,8.72937827,40.36790527,5.15000000
157.01525070,8.74726911,40.27104829,5.16000000
157.23365341,8.76517699,40.17511557,5.17000000
157.45139845,8.78310188,40.08010677,5.18000000
157.66849399,8.80104375,39.98602145,5.19000000
157.88494819,8.81900255,39.89285913,5.20000000
158.10076912,8.83697824,39.80061924,5.21000000
158.31596481,8.85497078,39.70930118,5.22000000
158.53054326,8.87298013,39.61890426,5.23000000
158.74451240,8.89100623,39.52942774,5.24000000
158.95788010,8.90904904,39.44087085,5.25000000
159.17065420,8.92710851,39.35323273,5.26000000
159.38284248,8.94518458,39.26651251,5.27000000
159.59445266,8.96327719,39.18070923,5.28000000
159.80549242,8.98138629,39.09582192,5.29000000
160.01596938,8.99951181,39.01184954,5.30000000
160.22589112,9.01765369,38.92879103,5.31000000
160.43526516,9.03581187,38.84664528,5.32000000
160.64409897,9.05398627,38.76541113,5.33000000
160.85239997,9.07217683,38.68508742,5.34000000
161.06017554,9.09038347,38.60567291,5.35000000
161.26743299,9.10860612,38.52716636,5.36000000
161.47417959,9.12684470,38.44956649,5.37000000
161.68042257,9.14509913,38.37287200,5.38000000
161.88616909,9.16336933,38.29708155,5.39000000
162.09142627,9.18165522,38.22219377,5.40000000
162.29620118,9.19995670,38.14820730,5.41000000
162.50050085,9.21827368,38.07512071,5.42000000
162.70433225,9.23660609,38.00293260,5.43000000
162.90770230,9.25495381,37.93164151,5.44000000
163.11061788,9.27331676,37.86124598,5.45000000
163.31308581,9.29169483,37.79174455,5.46000000
163.51511289,9.31008793,37.72313571,5.47000000
163.71670583,9.32849595,37.65541797,5.48000000
163.91787132,9.34691878,37.58858980,5.49000000
164.11861601,9.36535633,37.52264969,5.50000000
164.31894649,9.38380846,37.45759611,5.51000000
164.51886930,9.40227508,37.39342750,5.52000000
164.71839095,9.42075607,37.33014233,5.53000000
164.91751789,9.43925130,37.26773904,5.54000000
165.11625653,9.45776067,37.20621607,5.55000000
165.31461325,9.47628404,37.14557187,5.56000000
165.51259435,9.49482129,37.08580487,5.57000000
165.71020613,9.51337230,37.02691352,5.58000000
165.90745482,9.53193693,36.96889625,5.59000000
166.10434662,9.55051505,36.91175151,5.60000000
166.30088766,9.56910653,36.85547773,5.61000000
166.49708408,9.58771124,36.80007337,5.62000000
166.69294192,9.60632903,36.74553687,5.63000000
166.88846723,9.62495976,36.69186671,5.64000000
167.08366598,9.64360329,36.63906133,5.65000000
167.27854413,9.66225947,36.58711921,5.66000000
167.47310758,9.68092816,36.53603884,5.67000000
167.66736221,9.69960921,36.48581869,5.68000000
167.86131384,9.71830246,36.43645728,5.69000000
168.05496826,9.73700776,36.38795310,5.70000000
168.24833124,9.75572495,36.34030468,5.71000000
168.44140849,9.77445388,36.29351056,5.72000000
168.63420569,9.79319438,36.24756928,5.73000000
168.82672849,9.81194629,36.20247940,5.74000000
169.01898251,9.83070944,36.15823950,5.75000000
169.21097331,9.84948368,36.11484816,5.76000000
169.40270644,9.86826882,36.07230400,5.77000000
169.59418741,9.88706470,36.03060563,5.78000000
169.78542170,9.90587115,35.98975169,5.79000000
169.97641474,9.92468799,35.94974085,5.80000000
170.16717196,9.94351504,35.91057178,5.81000000
170.35769873,9.96235212,35.87224317,5.82000000
170.54800040,9.98119906,35.83475374,5.83000000
170.73808229,10.00005567,35.79810221,5.84000000
170.92794969,10.01892176,35.76228736,5.85000000
171.11760787,10.03779716,35.72730794,5.86000000
171.30706204,10.05668166,35.69316277,5.87000000
171.49631743,10.07557509,35.65985065,5.88000000
171.68537920,10.09447724,35.62737043,5.89000000
171.87425251,10.11338793,35.59572097,5.90000000
172.06294249,10.13230696,35.56490117,5.91000000
172.25145423,10.15123414,35.53490993,5.92000000
172.43979280,10.17016926,35.50574619,5.93000000
172.62796326,10.18911213,35.47740891,5.94000000
172.81597065,10.20806254,35.44989708,5.95000000
173.00381995,10.22702030,35.42320970,5.96000000
173.19151615,10.24598519,35.39734581,5.97000000
173.37906423,10.26495701,35.37230448,5.98000000
173.56646910,10.28393556,35.34808480,5.99000000
173.75373570,10.30292063,35.32468587,6.00000000
173.94086893,10.32191200,35.30210685,6.01000000
174.12787366,10.34090946,35.28034689,6.02000000
174.31475476,10.35991281,35.25940521,6.03000000
174.50151708,10.37892183,35.23928101,6.04000000
174.68816543,10.39793631,35.21997357,6.05000000
174.87470464,10.41695602,35.20148214,6.06000000
175.06113950,10.43598076,35.18380606,6.07000000
175.24747479,10.45501030,35.16694465,6.08000000
175.43371527,10.47404442,35.15089728,6.09000000
175.61986571,10.49308292,35.13566335,6.10000000
175.80593083,10.51212555,35.12124228,6.11000000
175.99191537,10.53117212,35.10763354,6.12000000
176.17782404,10.55022238,35.09483659,6.13000000
176.36366154,10.56927612,35.08285097,6.14000000
176.54943257,10.58833312,35.07167620,6.15000000
176.73514182,10.60739315,35.06131188,6.16000000
176.92079395,10.62645598,35.05175760,6.17000000
177.10639364,10.64552139,35.04301300,6.18000000
177.29194554,10.66458916,35.03507774,6.19000000
177.47745431,10.68365905,35.02795152,6.20000000
177.66292459,10.70273085,35.02163407,6.21000000
177.84836102,10.72180431,35.01612515,6.22000000
178.03376824,10.74087923,35.01142454,6.23000000
178.21915087,10.75995535,35.00753206,6.24000000
178.40451355,10.77903247,35.00444757,6.25000000
178.58986089,10.79811034,35.00217095,6.26000000
178.77519753,10.81718875,35.00070210,6.27000000
178.96052807,10.83626746,35.00004097,6.28000000
179.14585714,10.85534624,35.00018755,6.29000000
179.33118936,10.87442486,35.00114182,6.30000000
179.51652935,10.89350310,35.00290383,6.31000000
179.70188172,10.91258073,35.00547365,6.32000000
179.88725111,10.93165751,35.00885138,6.33000000
180.07264213,10.95073322,35.01303714,6.34000000
180.25805941,10.96980763,35.01803109,6.35000000
180.44350759,10.98888052,35.02383343,6.36000000
180.62899130,11.00795165,35.03044439,6.37000000
180.81451519,11.02702080,35.03786420,6.38000000
181.00008389,11.04608774,35.04609317,6.39000000
181.18570208,11.06515224,35.05513159,6.40000000
181.37137440,11.08421408,35.06497983,6.41000000
181.55710553,11.10327303,35.07563824,6.42000000
181.74290015,11.12232888,35.08710725,6.43000000
181.92876293,11.14138138,35.09938728,6.44000000
182.11469859,11.16043033,35.11247880,6.45000000
182.30071183,11.17947549,35.12638231,6.46000000
182.48680737,11.19851665,35.14109833,6.47000000
182.67298994,11.21755358,35.15662742,6.48000000
182.85926428,11.23658607,35.17297016,6.49000000
183.04563516,11.25561389,35.19012718,6.50000000
183.23210734,11.27463683,35.20809910,6.51000000
183.41868560,11.29365467,35.22688661,6.52000000
183.60537476,11.31266719,35.24649040,6.53000000
183.79217963,11.33167417,35.26691120,6.54000000
183.97910504,11.35067541,35.28814978,6.55000000
184.16615584,11.36967069,35.31020691,6.56000000
184.35333691,11.38865980,35.33308341,6.57000000
184.54065313,11.40764252,35.35678013,6.58000000
184.72810941,11.42661865,35.38129791,6.59000000
184.91571067,11.44558799,35.40663767,6.60000000
185.10346187,11.46455031,35.43280033,6.61000000
185.29136797,11.48350543,35.45978682,6.62000000
185.47943396,11.50245312,35.48759812,6.63000000
185.66766485,11.52139320,35.51623524,6.64000000
185.85606569,11.54032546,35.54569919,6.65000000
186.04464153,11.55924971,35.57599102,6.66000000
186.23339745,11.57816573,35.60711181,6.67000000
186.42233857,11.59707335,35.63906265,6.68000000
186.61147001,11.61597236,35.67184467,6.69000000
186.80079695,11.63486257,35.70545900,6.70000000
186.99032456,11.65374379,35.73990681,6.71000000
187.18005806,11.67261583,35.77518930,6.72000000
187.37000270,11.69147850,35.81130768,6.73000000
187.56016375,11.71033162,35.84826316,6.74000000
187.75054650,11.72917500,35.88605702,6.75000000
187.94115628,11.74800846,35.92469052,6.76000000
188.13199847,11.76683183,35.96416495,6.77000000
188.32307844,11.78564492,36.00448163,6.78000000
188.51440163,11.80444755,36.04564188,6.79000000
188.70597349,11.82323955,36.08764706,6.80000000
188.89779950,11.84202076,36.13049854,6.81000000
189.08988519,11.86079099,36.17419769,6.82000000
189.28223611,11.87955009,36.21874592,6.83000000
189.47485785,11.89829787,36.26414464,6.84000000
189.66775604,11.91703419,36.31039528,6.85000000
189.86093633,11.93575888,36.35749929,6.86000000
190.05440442,11.95447177,36.40545813,6.87000000
190.24816605,11.97317272,36.45427326,6.88000000
190.44222697,11.99186156,36.50394617,6.89000000
190.63659301,12.01053813,36.55447835,6.90000000
190.83126999,12.02920230,36.60587131,6.91000000
191.02626382,12.04785391,36.65812656,6.92000000
191.22158040,12.06649281,36.71124562,6.93000000
191.41722570,12.08511886,36.76523004,6.94000000
191.61320573,12.10373192,36.82008133,6.95000000
191.80952652,12.12233184,36.87580106,6.96000000
192.00619416,12.14091849,36.93239076,6.97000000
192.20321477,12.15949173,36.98985200,6.98000000
192.40059452,12.17805143,37.04818633,6.99000000
192.59833962,12.19659746,37.10739531,7.00000000
192.79645632,12.21512969,37.16748050,7.01000000
192.99495092,12.23364799,37.22844345,7.02000000
193.19382975,12.25215224,37.29028574,7.03000000
193.39309920,12.27064232,37.35300892,7.04000000
193.59276570,12.28911811,37.41661455,7.05000000
193.79283571,12.30757948,37.48110417,7.06000000
193.99331576,12.32602634,37.54647933,7.07000000
194.19421242,12.34445855,37.61274157,7.08000000
194.39553228,12.36287602,37.67989242,7.09000000
194.59728201,12.38127864,37.74793341,7.10000000
194.79946830,12.39966630,37.81686603,7.11000000
195.00209792,12.41803889,37.88669179,7.12000000
195.20517765,12.43639633,37.95741218,7.13000000
195.40871435,12.45473850,38.02902867,7.14000000
195.61271490,12.47306532,38.10154271,7.15000000
195.81718624,12.49137669,38.17495573,7.16000000
196.02213538,12.50967252,38.24926916,7.17000000
196.22756934,12.52795272,38.32448440,7.18000000
196.43349521,12.54621720,38.40060281,7.19000000
196.63992014,12.56446589,38.47762574,7.20000000
196.84685132,12.58269870,38.55555453,7.21000000
197.05429597,12.60091555,38.63439046,7.22000000
197.26226139,12.61911636,38.71413482,7.23000000
197.47075491,12.63730107,38.79478882,7.24000000
197.67978393,12.65546959,38.87635369,7.25000000
197.88935588,12.67362186,38.95883059,7.26000000
198.09947826,12.69175781,39.04222065,7.27000000
198.31015861,12.70987738,39.12652497,7.28000000
198.52140451,12.72798050,39.21174460,7.29000000
198.73322361,12.74606711,39.29788057,7.30000000
198.94562361,12.76413716,39.38493382,7.31000000
199.15861225,12.78219059,39.47290530,7.32000000
199.37219733,12.80022734,39.56179586,7.33000000
199.58638669,12.81824737,39.65160634,7.34000000
199.80118825,12.83625062,39.74233750,7.35000000
200.01660994,12.85423706,39.83399005,7.36000000
200.23265977,12.87220662,39.92656466,7.37000000
200.44934580,12.89015928,40.02006191,7.38000000
200.66667613,12.90809499,40.11448234,7.39000000
200.88465891,12.92601371,40.20982642,7.40000000
201.10330236,12.94391542,40.30609455,7.41000000
201.32261472,12.96180006,40.40328706,7.42000000
201.54260431,12.97966762,40.50140421,7.43000000
201.76327949,12.99751807,40.60044618,7.44000000
201.98464866,13.01535137,40.70041307,7.45000000
202.20672028,13.03316751,40.80130490,7.46000000
202.42950286,13.05096645,40.90312163,7.47000000
202.65300496,13.06874819,41.00586309,7.48000000
202.87723518,13.08651270,41.10952906,7.49000000
203.10220218,13.10425996,41.21411921,7.50000000
203.32791466,13.12198996,41.31963310,7.51000000
203.55438136,13.13970269,41.42607022,7.52000000
203.78161109,13.15739813,41.53342995,7.53000000
204.00961269,13.17507629,41.64171155,7.54000000
204.23839504,13.19273715,41.75091419,7.55000000
204.46796710,13.21038070,41.86103691,7.56000000
204.69833782,13.22800695,41.97207866,7.57000000
204.92951624,13.24561590,42.08403825,7.58000000
205.16151143,13.26320754,42.19691439,7.59000000
205.39433250,13.28078188,42.31070563,7.60000000
205.62798859,13.29833893,42.42541043,7.61000000
205.86248891,13.31587869,42.54102709,7.62000000
206.09784269,13.33340118,42.65755380,7.63000000
206.33405920,13.35090639,42.77498858,7.64000000
206.57114775,13.36839435,42.89332933,7.65000000
206.80911769,13.38586507,43.01257379,7.66000000
207.04797841,13.40331856,43.13271957,7.67000000
207.28773933,13.42075485,43.25376409,7.68000000
207.52840991,13.43817395,43.37570465,7.69000000
207.76999963,13.45557589,43.49853835,7.70000000
208.01251802,13.47296068,43.62226216,7.71000000
208.25597463,13.49032836,43.74687284,7.72000000
208.50037903,13.50767894,43.87236701,7.73000000
208.74574084,13.52501247,43.99874109,7.74000000
208.99206969,13.54232896,44.12599133,7.75000000
209.23937523,13.55962845,44.25411377,7.76000000
209.48766716,13.57691098,44.38310429,7.77000000
209.73695518,13.59417657,44.51295855,7.78000000
209.98724900,13.61142526,44.64367201,7.79000000
210.23855838,13.62865710,44.77523993,7.80000000
210.49089307,13.64587212,44.90765737,7.81000000
210.74426285,13.66307036,45.04091916,7.82000000
210.99867750,13.68025186,45.17501991,7.83000000
211.25414682,13.69741667,45.30995403,7.84000000
211.51068061,13.71456484,45.44571568,7.85000000
211.76828868,13.73169640,45.58229879,7.86000000
212.02698086,13.74881142,45.71969706,7.87000000
212.28676696,13.76590993,45.85790393,7.88000000
212.54765679,13.78299199,45.99691263,7.89000000
212.80966018,13.80005766,46.13671610,7.90000000
213.07278693,13.81710698,46.27730705,7.91000000
213.33704683,13.83414001,46.41867791,7.92000000
213.60244969,13.85115681,46.56082086,7.93000000
213.86900528,13.86815743,46.70372779,7.94000000
214.13672336,13.88514194,46.84739035,7.95000000
214.40561368,13.90211039,46.99179987,7.96000000
214.67568594,13.91906285,47.13694742,7.97000000
214.94694986,13.93599938,47.28282377,7.98000000
215.21941509,13.95292004,47.42941941,7.99000000
215.49309128,13.96982490,47.57672451,8.00000000
215.76798802,13.98671403,47.72472895,8.01000000
216.04411487,14.00358749,47.87342229,8.02000000
216.32148137,14.02044535,48.02279381,8.03000000
216.60009698,14.03728768,48.17283242,8.04000000
216.87997113,14.05411456,48.32352675,8.05000000
217.16111320,14.07092605,48.47486510,8.06000000
217.44353252,14.08772223,48.62683540,8.07000000
217.72723833,14.10450317,48.77942530,8.08000000
218.01223983,14.12126895,48.93262207,8.09000000
218.29854616,14.13801964,49.08641265,8.10000000
218.58616637,14.15475533,49.24078363,8.11000000
218.87510943,14.17147609,49.39572124,8.12000000
219.16538424,14.18818200,49.55121136,8.13000000
219.45699962,14.20487313,49.70723953,8.14000000
219.74996429,14.22154959,49.86379087,8.15000000
220.04428688,14.23821143,50.02085020,8.16000000
220.33997591,14.25485876,50.17840190,8.17000000
220.63703982,14.27149164,50.33643004,8.18000000
220.93548691,14.28811018,50.49491825,8.19000000
221.23532539,14.30471445,50.65384982,8.20000000
221.53656335,14.32130454,50.81320763,8.21000000
221.83920874,14.33788054,50.97297419,8.22000000
222.14326939,14.35444253,51.13313160,8.23000000
222.44875300,14.37099062,51.29366157,8.24000000
222.75566714,14.38752488,51.45454543,8.25000000
223.06401920,14.40404541,51.61576409,8.26000000
223.37381645,14.42055230,51.77729805,8.27000000
223.68506599,14.43704565,51.93912744,8.28000000
223.99777477,14.45352554,52.10123195,8.29000000
224.31194956,14.46999207,52.26359088,8.30000000
224.62759695,14.48644534,52.42618312,8.31000000
224.94472338,14.50288545,52.58898715,8.32000000
225.26333507,14.51931248,52.75198103,8.33000000
225.58343807,14.53572654,52.91514242,8.34000000
225.90503821,14.55212772,53.07844856,8.35000000
226.22814116,14.56851613,53.24187627,8.36000000
226.55275232,14.58489186,53.40540197,8.37000000
226.87887693,14.60125501,53.56900167,8.38000000
227.20651997,14.61760568,53.73265096,8.39000000
227.53568620,14.63394398,53.89632503,8.40000000
227.86638015,14.65027001,54.05999863,8.41000000
228.19860611,14.66658386,54.22364614,8.42000000
228.53236811,14.68288565,54.38724151,8.43000000
228.86766993,14.69917547,54.55075829,8.44000000
229.20451510,14.71545343,54.71416965,8.45000000
229.54290686,14.73171964,54.87744832,8.46000000
229.88284819,14.74797420,55.04056666,8.47000000
230.22434179,14.76421722,55.20349664,8.48000000
230.56739007,14.78044879,55.36620983,8.49000000
230.91199513,14.79666904,55.52867743,8.50000000
231.25815880,14.81287807,55.69087023,8.51000000
231.60588256,14.82907598,55.85275869,8.52000000
231.95516762,14.84526289,56.01431287,8.53000000
232.30601485,14.86143890,56.17550248,8.54000000
232.65842478,14.87760413,56.33629685,8.55000000
233.01239762,14.89375868,56.49666498,8.56000000
233.36793325,14.90990267,56.65657554,8.57000000
233.72503118,14.92603620,56.81599684,8.58000000
234.08369057,14.94215938,56.97489686,8.59000000
234.44391026,14.95827234,57.13324327,8.60000000
234.80568866,14.97437517,57.29100344,8.61000000
235.16902387,14.99046801,57.44814442,8.62000000
235.53391356,15.00655094,57.60463298,8.63000000
235.90035507,15.02262410,57.76043559,8.64000000
236.26834530,15.03868760,57.91551848,8.65000000
236.63788079,15.05474154,58.06984758,8.66000000
237.00895767,15.07078605,58.22338861,8.67000000
237.38157165,15.08682124,58.37610702,8.68000000
237.75571805,15.10284722,58.52796806,8.69000000
238.13139177,15.11886411,58.67893675,8.70000000
238.50858727,15.13487203,58.82897793,8.71000000
238.88729861,15.15087109,58.97805623,8.72000000
239.26751941,15.16686141,59.12613614,8.73000000
239.64924283,15.18284312,59.27318197,8.74000000
240.03246163,15.19881631,59.41915789,8.75000000
240.41716811,15.21478112,59.56402795,8.76000000
240.80335411,15.23073766,59.70775610,8.77000000
241.19101103,15.24668605,59.85030618,8.78000000
241.58012983,15.26262641,59.99164196,8.79000000
241.97070098,15.27855886,60.13172714,8.80000000
242.36271452,15.29448351,60.27052540,8.81000000
242.75616001,15.31040049,60.40800037,8.82000000
243.15102653,15.32630992,60.54411569,8.83000000
243.54730274,15.34221191,60.67883500,8.84000000
243.94497677,15.35810660,60.81212199,8.85000000
244.34403632,15.37399408,60.94394038,8.86000000
244.74446860,15.38987450,61.07425396,8.87000000
245.14626036,15.40574797,61.20302663,8.88000000
245.54939785,15.42161461,61.33022237,8.89000000
245.95386687,15.43747454,61.45580532,8.90000000
246.35965272,15.45332789,61.57973975,8.91000000
246.76674026,15.46917477,61.70199012,8.92000000
247.17511383,15.48501532,61.82252106,8.93000000
247.58475734,15.50084964,61.94129742,8.94000000
247.99565419,15.51667787,62.05828431,8.95000000
248.40778734,15.53250012,62.17344706,8.96000000
248.82113926,15.54831653,62.28675131,8.97000000
249.23569196,15.56412721,62.39816298,8.98000000
249.65142699,15.57993229,62.50764833,8.99000000
250.06832543,15.59573189,62.61517395,9.00000000
250.48636791,15.61152613,62.72070681,9.01000000
250.90553459,15.62731514,62.82421425,9.02000000
251.32580521,15.64309904,62.92566405,9.03000000
251.74715904,15.65887796,63.02502439,9.04000000
252.16957492,15.67465202,63.12226394,9.05000000
252.59303123,15.69042134,63.21735182,9.06000000
253.01750597,15.70618606,63.31025766,9.07000000
253.44297666,15.72194629,63.40095162,9.08000000
253.86942044,15.73770216,63.48940438,9.09000000
254.29681404,15.75345379,63.57558721,9.10000000
254.72513375,15.76920132,63.65947194,9.11000000
255.15435551,15.78494486,63.74103103,9.12000000
255.58445483,15.80068454,63.82023753,9.13000000
256.01540687,15.81642049,63.89706519,9.14000000
256.44718641,15.83215284,63.97148838,9.15000000
256.87976786,15.84788169,64.04348217,9.16000000
257.31312528,15.86360720,64.11302235,9.17000000
257.74723239,15.87932947,64.18008542,9.18000000
258.18206256,15.89504864,64.24464862,9.19000000
258.61758887,15.91076483,64.30668995,9.20000000
259.05378405,15.92647817,64.36618821,9.21000000
259.49062055,15.94218879,64.42312297,9.22000000
259.92807052,15.95789680,64.47747461,9.23000000
260.36610583,15.97360235,64.52922436,9.24000000
260.80469809,15.98930554,64.57835427,9.25000000
261.24381864,16.00500652,64.62484726,9.26000000
261.68343860,16.02070541,64.66868711,9.27000000
262.12352883,16.03640233,64.70985850,9.28000000
262.56405998,16.05209741,64.74834698,9.29000000
263.00500252,16.06779078,64.78413903,9.30000000
263.44632669,16.08348256,64.81722205,9.31000000
263.88800257,16.09917288,64.84758436,9.32000000
264.33000009,16.11486187,64.87521522,9.33000000
264.77228900,16.13054966,64.90010485,9.34000000
265.21483893,16.14623637,64.92224441,9.35000000
265.65761938,16.16192213,64.94162605,9.36000000
266.10059974,16.17760707,64.95824287,9.37000000
266.54374932,16.19329130,64.97208895,9.38000000
266.98703732,16.20897497,64.98315936,9.39000000
267.43043291,16.22465820,64.99145015,9.40000000
267.87390519,16.24034112,64.99695836,9.41000000
268.31742322,16.25602384,64.99968203,9.42000000
268.76095604,16.27170650,64.99962018,9.43000000
269.20447269,16.28738923,64.99677283,9.44000000
269.64794222,16.30307216,64.99114100,9.45000000
270.09133368,16.31875540,64.98272670,9.46000000
270.53461620,16.33443909,64.97153294,9.47000000
270.97775891,16.35012336,64.95756370,9.48000000
271.42073105,16.36580833,64.94082397,9.49000000
271.86350191,16.38149413,64.92131971,9.50000000
272.30604089,16.39718089,64.89905784,9.51000000
272.74831750,16.41286872,64.87404628,9.52000000
273.19030138,16.42855777,64.84629391,9.53000000
273.63196228,16.44424816,64.81581055,9.54000000
274.07327014,16.45994001,64.78260697,9.55000000
274.51419503,16.47563345,64.74669490,9.56000000
274.95470724,16.49132861,64.70808699,9.57000000
275.39477720,16.50702561,64.66679679,9.58000000
275.83437559,16.52272459,64.62283879,9.59000000
276.27347330,16.53842566,64.57622835,9.60000000
276.71204143,16.55412896,64.52698173,9.61000000
277.15005135,16.56983461,64.47511605,9.62000000
277.58747467,16.58554274,64.42064929,9.63000000
278.02428328,16.60125347,64.36360027,9.64000000
278.46044934,16.61696694,64.30398864,9.65000000
278.89594531,16.63268326,64.24183485,9.66000000
279.33074394,16.64840256,64.17716017,9.67000000
279.76481832,16.66412498,64.10998661,9.68000000
280.19814184,16.67985063,64.04033697,9.69000000
280.63068822,16.69557964,63.96823477,9.70000000
281.06243155,16.71131214,63.89370427,9.71000000
281.49334626,16.72704825,63.81677043,9.72000000
281.92340714,16.74278810,63.73745888,9.73000000
282.35258935,16.75853182,63.65579595,9.74000000
282.78086845,16.77427952,63.57180857,9.75000000
283.20822036,16.79003134,63.48552434,9.76000000
283.63462142,16.80578741,63.39697144,9.77000000
284.06004837,16.82154783,63.30617863,9.78000000
284.48447835,16.83731275,63.21317525,9.79000000
284.90788893,16.85308228,63.11799117,9.80000000
285.33025810,16.86885656,63.02065678,9.81000000
285.75156427,16.88463569,62.92120298,9.82000000
286.17178630,16.90041982,62.81966113,9.83000000
286.59090349,16.91620906,62.71606306,9.84000000
287.00889558,16.93200354,62.61044101,9.85000000
287.42574276,16.94780337,62.50282766,9.86000000
287.84142568,16.96360870,62.39325606,9.87000000
288.25592545,16.97941963,62.28175962,9.88000000
288.66922363,16.99523629,62.16837211,9.89000000
289.08130224,17.01105881,62.05312762,9.90000000
289.49214380,17.02688731,61.93606053,9.91000000
289.90173126,17.04272191,61.81720551,9.92000000
290.31004806,17.05856273,61.69659747,9.93000000
290.71707812,17.07440990,61.57427156,9.94000000
291.12280581,17.09026353,61.45026317,9.95000000
291.52721601,17.10612376,61.32460784,9.96000000
291.93029403,17.12199070,61.19734130,9.97000000
292.33202571,17.13786447,61.06849944,9.98000000
292.73239731,17.15374520,60.93811827,9.99000000
293.13139560,17.16963301,60.80623390,10.00000000
293.52900781,17.18552801,60.67288253,10.01000000
293.92522166,17.20143033,60.53810045,10.02000000
294.32002532,17.21734009,60.40192398,10.03000000
294.71340745,17.23325741,60.26438948,10.04000000
295.10535715,17.24918241,60.12553330,10.05000000
295.49586402,17.26511521,59.98539181,10.06000000
295.88491809,17.28105592,59.84400134,10.07000000
296.27250988,17.29700467,59.70139817,10.08000000
296.65863036,17.31296157,59.55761855,10.09000000
297.04327094,17.32892675,59.41269861,10.10000000
297.42642350,17.34490033,59.26667441,10.11000000
297.80808034,17.36088241,59.11958191,10.12000000
298.18823425,17.37687312,58.97145691,10.13000000
298.56687840,17.39287257,58.82233509,10.14000000
298.94400645,17.40888088,58.67225197,10.15000000
299.31961246,17.42489818,58.52124291,10.16000000
299.69369091,17.44092457,58.36934306,10.17000000
300.06623673,17.45696016,58.21658738,10.18000000
300.43724525,17.47300509,58.06301062,10.19000000
300.80671220,17.48905945,57.90864732,10.20000000
301.17463372,17.50512337,57.75353176,10.21000000
301.54100638,17.52119697,57.59769797,10.22000000
301.90582710,17.53728034,57.44117973,10.23000000
302.26909322,17.55337361,57.28401055,10.24000000
302.63080244,17.56947690,57.12622365,10.25000000
302.99095286,17.58559031,56.96785196,10.26000000
303.34954294,17.60171395,56.80892810,10.27000000
303.70657151,17.61784794,56.64948440,10.28000000
304.06203774,17.63399239,56.48955286,10.29000000
304.41594118,17.65014741,56.32916513,10.30000000
304.76828170,17.66631312,56.16835255,10.31000000
305.11905954,17.68248961,56.00714611,10.32000000
305.46827525,17.69867701,55.84557645,10.33000000
305.81592971,17.71487541,55.68367384,10.34000000
306.16202412,17.73108493,55.52146820,10.35000000
306.50656001,17.74730568,55.35898908,10.36000000
306.84953920,17.76353777,55.19626566,10.37000000
307.19096381,17.77978129,55.03332671,10.38000000
307.53083627,17.79603637,54.87020066,10.39000000
307.86915929,17.81230310,54.70691551,10.40000000
308.20593585,17.82858158,54.54349890,10.41000000
308.54116922,17.84487193,54.37997806,10.42000000
308.87486292,17.86117425,54.21637982,10.43000000
309.20702076,17.87748865,54.05273060,10.44000000
309.53764678,17.89381522,53.88905643,10.45000000
309.86674527,17.91015406,53.72538294,10.46000000
310.19432077,17.92650529,53.56173533,10.47000000
310.52037806,17.94286900,53.39813840,10.48000000
310.84492214,17.95924529,53.23461654,10.49000000
311.16795823,17.97563426,53.07119373,10.50000000
311.48949177,17.99203601,52.90789353,10.51000000
311.80952842,18.00845064,52.74473911,10.52000000
312.12807402,18.02487826,52.58175319,10.53000000
312.44513463,18.04131894,52.41895810,10.54000000
312.76071649,18.05777280,52.25637576,10.55000000
313.07482604,18.07423992,52.09402768,10.56000000
313.38746987,18.09072041,51.93193495,10.57000000
313.69865477,18.10721436,51.77011826,10.58000000
314.00838769,18.12372185,51.60859788,10.59000000
314.31667574,18.14024299,51.44739368,10.60000000
314.62352619,18.15677786,51.28652514,10.61000000
314.92894645,18.17332656,51.12601131,10.62000000
315.23294410,18.18988918,50.96587087,10.63000000
315.53552682,18.20646580,50.80612209,10.64000000
315.83670245,18.22305652,50.64678284,10.65000000
316.13647898,18.23966142,50.48787060,10.66000000
316.43486447,18.25628059,50.32940246,10.67000000
316.73186714,18.27291412,50.17139514,10.68000000
317.02749531,18.28956208,50.01386497,10.69000000
317.32175741,18.30622458,49.85682787,10.70000000
317.61466198,18.32290168,49.70029944,10.71000000
317.90621764,18.33959347,49.54429486,10.72000000
318.19643313,18.35630004,49.38882896,10.73000000
318.48531726,18.37302146,49.23391622,10.74000000
318.77287893,18.38975781,49.07957073,10.75000000
319.05912712,18.40650917,48.92580623,10.76000000
319.34407089,18.42327563,48.77263614,10.77000000
319.62771938,18.44005724,48.62007349,10.78000000
319.91008177,18.45685410,48.46813099,10.79000000
320.19116734,18.47366627,48.31682099,10.80000000
320.47098541,18.49049383,48.16615553,10.81000000
320.74954534,18.50733685,48.01614630,10.82000000
321.02685659,18.52419541,47.86680467,10.83000000
321.30292861,18.54106956,47.71814169,10.84000000
321.57777095,18.55795938,47.57016809,10.85000000
321.85139315,18.57486494,47.42289429,10.86000000
322.12380483,18.59178631,47.27633039,10.87000000
322.39501562,18.60872354,47.13048620,10.88000000
322.66503520,18.62567671,46.98537123,10.89000000
322.93387325,18.64264588,46.84099469,10.90000000
323.20153950,18.65963110,46.69736551,10.91000000
323.46804369,18.67663244,46.55449232,10.92000000
323.73339559,18.69364996,46.41238349,10.93000000
323.99760497,18.71068371,46.27104710,10.94000000
324.26068162,18.72773376,46.13049097,10.95000000
324.52263534,18.74480015,45.99072264,10.96000000
324.78347596,18.76188294,45.85174940,10.97000000
325.04321327,18.77898218,45.71357829,10.98000000
325.30185709,18.79609793,45.57621609,10.99000000
325.55941726,18.81323023,45.43966932,11.00000000
325.81590357,18.83037914,45.30394430,11.01000000
326.07132584,18.84754469,45.16904706,11.02000000
326.32569388,18.86472693,45.03498345,11.03000000
326.57901749,18.88192592,44.90175904,11.04000000
326.83130644,18.89914168,44.76937922,11.05000000
327.08257051,18.91637427,44.63784914,11.06000000
327.33281946,18.93362371,44.50717373,11.07000000
327.58206304,18.95089005,44.37735774,11.08000000
327.83031096,18.96817333,44.24840568,11.09000000
328.07757293,18.98547358,44.12032188,11.10000000
328.32385863,19.00279082,43.99311047,11.11000000
328.56917771,19.02012510,43.86677539,11.12000000
328.81353982,19.03747645,43.74132038,11.13000000
329.05695456,19.05484489,43.61674901,11.14000000
329.29943151,19.07223044,43.49306466,11.15000000
329.54098021,19.08963314,43.37027056,11.16000000
329.78161019,19.10705300,43.24836974,11.17000000
330.02133094,19.12449005,43.12736507,11.18000000
330.26015190,19.14194431,43.00725926,11.19000000
330.49808251,19.15941580,42.88805488,11.20000000
330.73513213,19.17690452,42.76975431,11.21000000
330.97131013,19.19441050,42.65235981,11.22000000
331.20662581,19.21193375,42.53587348,11.23000000
331.44108844,19.22947428,42.42029727,11.24000000
331.67470726,19.24703210,42.30563301,11.25000000
331.90749146,19.26460721,42.19188237,11.26000000
332.13945018,19.28219962,42.07904691,11.27000000
332.37059255,19.29980933,41.96712805,11.28000000
332.60092761,19.31743635,41.85612709,11.29000000
332.83046441,19.33508068,41.74604520,11.30000000
333.05921190,19.35274230,41.63688345,11.31000000
333.28717904,19.37042123,41.52864277,11.32000000
333.51437469,19.38811744,41.42132400,11.33000000
333.74080772,19.40583094,41.31492786,11.34000000
333.96648690,19.42356170,41.20945498,11.35000000
334.19142100,19.44130973,41.10490587,11.36000000
334.41561870,19.45907500,41.00128095,11.37000000
334.63908866,19.47685750,40.89858054,11.38000000
334.86183949,19.49465721,40.79680489,11.39000000
335.08387974,19.51247411,40.69595413,11.40000000
335.30521791,19.53030818,40.59602831,11.41000000
335.52586247,19.54815938,40.49702742,11.42000000
335.74582181,19.56602770,40.39895134,11.43000000
335.96510429,19.58391311,40.30179988,11.44000000
336.18371822,19.60181557,40.20557279,11.45000000
336.40167186,19.61973505,40.11026974,11.46000000
336.61897340,19.63767151,40.01589031,11.47000000
336.83563100,19.65562492,39.92243405,11.48000000
337.05165277,19.67359523,39.82990040,11.49000000
337.26704676,19.69158241,39.73828878,11.50000000
337.48182095,19.70958641,39.64759852,11.51000000
337.69598332,19.72760718,39.55782891,11.52000000
337.90954174,19.74564468,39.46897918,11.53000000
338.12250408,19.76369885,39.38104850,11.54000000
338.33487812,19.78176963,39.29403600,11.55000000
338.54667160,19.79985698,39.20794075,11.56000000
338.75789223,19.81796083,39.12276178,11.57000000
338.96854763,19.83608113,39.03849809,11.58000000
339.17864541,19.85421781,38.95514860,11.59000000
339.38819309,19.87237080,38.87271223,11.60000000
339.59719817,19.89054004,38.79118783,11.61000000
339.80566809,19.90872546,38.71057425,11.62000000
340.01361023,19.92692699,38.63087026,11.63000000
340.22103192,19.94514455,38.55207464,11.64000000
340.42794046,19.96337807,38.47418611,11.65000000
340.63434308,19.98162746,38.39720337,11.66000000
340.84024696,19.99989264,38.32112510,11.67000000
341.04565924,20.01817354,38.24594994,11.68000000
341.25058701,20.03647006,38.17167653,11.69000000
341.45503730,20.05478212,38.09830345,11.70000000
341.65901710,20.07310962,38.02582930,11.71000000
341.86253336,20.09145248,37.95425264,11.72000000
342.06559295,20.10981058,37.88357201,11.73000000
342.26820274,20.12818385,37.81378594,11.74000000
342.47036951,20.14657218,37.74489295,11.75000000
342.67210000,20.16497545,37.67689152,11.76000000
342.87340093,20.18339358,37.60978017,11.77000000
343.07427894,20.20182645,37.54355735,11.78000000
343.27474065,20.22027395,37.47822155,11.79000000
343.47479261,20.23873597,37.41377122,11.80000000
343.67444133,20.25721239,37.35020481,11.81000000
343.87369330,20.27570310,37.28752078,11.82000000
344.07255494,20.29420798,37.22571757,11.83000000
344.27103262,20.31272690,37.16479363,11.84000000
344.46913268,20.33125974,37.10474738,11.85000000
344.66686143,20.34980638,37.04557728,11.86000000
344.86422510,20.36836669,36.98728176,11.87000000
345.06122990,20.38694053,36.92985926,11.88000000
345.25788201,20.40552777,36.87330822,11.89000000
345.45418754,20.42412828,36.81762709,11.90000000
345.65015257,20.44274191,36.76281432,11.91000000
345.84578315,20.46136854,36.70886837,11.92000000
346.04108527,20.48000801,36.65578770,11.93000000
346.23606490,20.49866018,36.60357077,11.94000000
346.43072795,20.51732490,36.55221607,11.95000000
346.62508032,20.53600203,36.50172208,11.96000000
346.81912783,20.55469141,36.45208729,11.97000000
347.01287630,20.57339288,36.40331022,11.98000000
347.20633149,20.59210630,36.35538938,11.99000000
347.39949913,20.61083151,36.30832330,12.00000000
347.59238492,20.62956834,36.26211052,12.01000000
347.78499452,20.64831664,36.21674959,12.02000000
347.97733354,20.66707623,36.17223910,12.03000000
348.16940758,20.68584695,36.12857762,12.04000000
348.36122219,20.70462864,36.08576376,12.05000000
348.55278288,20.72342112,36.04379613,12.06000000
348.74409515,20.74222422,36.00267336,12.07000000
348.93516445,20.76103777,35.96239411,12.08000000
349.12599621,20.77986159,35.92295705,12.09000000
349.31659580,20.79869549,35.88436087,12.10000000
349.50696859,20.81753931,35.84660427,12.11000000
349.69711991,20.83639286,35.80968598,12.12000000
349.88705506,20.85525595,35.77360476,12.13000000
350.07677931,20.87412840,35.73835936,12.14000000
350.26629790,20.89301003,35.70394858,12.15000000
350.45561605,20.91190063,35.67037123,12.16000000
350.64473893,20.93080003,35.63762615,12.17000000
350.83367172,20.94970802,35.60571220,12.18000000
351.02241953,20.96862441,35.57462824,12.19000000
351.21098749,20.98754902,35.54437320,12.20000000
351.39938068,21.00648163,35.51494599,12.21000000
351.58760414,21.02542205,35.48634557,12.22000000
351.77566292,21.04437008,35.45857091,12.23000000
351.96356204,21.06332552,35.43162103,12.24000000
352.15130647,21.08228816,35.40549494,12.25000000
352.33890119,21.10125780,35.38019170,12.26000000
352.52635114,21.12023423,35.35571039,12.27000000
352.71366126,21.13921724,35.33205012,12.28000000
352.90083644,21.15820663,35.30921002,12.29000000
353.08788157,21.17720218,35.28718926,12.30000000
353.27480152,21.19620367,35.26598701,12.31000000
353.46160115,21.21521091,35.24560251,12.32000000
353.64828528,21.23422367,35.22603498,12.33000000
353.83485874,21.25324174,35.20728371,12.34000000
354.02132631,21.27226490,35.18934798,12.35000000
354.20769280,21.29129293,35.17222714,12.36000000
354.39396297,21.31032562,35.15592055,12.37000000
354.58014157,21.32936275,35.14042757,12.38000000
354.76623335,21.34840409,35.12574765,12.39000000
354.95224305,21.36744943,35.11188021,12.40000000
355.13817537,21.38649853,35.09882473,12.41000000
355.32403503,21.40555119,35.08658073,12.42000000
355.50982673,21.42460718,35.07514773,12.43000000
355.69555515,21.44366626,35.06452530,12.44000000
355.88122497,21.46272823,35.05471304,12.45000000
356.06684086,21.48179284,35.04571056,12.46000000
356.25240748,21.50085989,35.03751754,12.47000000
356.43792948,21.51992913,35.03013365,12.48000000
356.62341151,21.53900034,35.02355861,12.49000000
356.80885822,21.55807330,35.01779217,12.50000000
356.99427424,21.57714777,35.01283411,12.51000000
357.17966420,21.59622354,35.00868424,12.52000000
357.36503274,21.61530036,35.00534239,12.53000000
357.55038446,21.63437802,35.00280845,12.54000000
357.73572401,21.65345628,35.00108230,12.55000000
357.92105599,21.67253492,35.00016390,12.56000000
358.10638503,21.69161370,35.00005320,12.57000000
358.29171574,21.71069240,35.00075019,12.58000000
358.47705275,21.72977079,35.00225491,12.59000000
358.66240068,21.74884863,35.00456741,12.60000000
358.84776414,21.76792571,35.00768777,12.61000000
359.03314777,21.78700179,35.01161613,12.62000000
359.21855619,21.80607664,35.01635263,12.63000000
359.40399402,21.82515004,35.02189746,12.64000000
359.58946591,21.84422175,35.02825082,12.65000000
359.77497650,21.86329155,35.03541296,12.66000000
359.96053042,21.88235922,35.04338415,12.67000000
360.14613234,21.90142452,35.05216470,12.68000000
360.33178691,21.92048724,35.06175495,12.69000000
360.51749880,21.93954714,35.07215525,12.70000000
360.70327269,21.95860399,35.08336601,12.71000000
360.88911325,21.97765759,35.09538766,12.72000000
361.07502519,21.99670769,35.10822064,12.73000000
361.26101321,22.01575408,35.12186545,12.74000000
361.44708202,22.03479654,35.13632260,12.75000000
361.63323635,22.05383484,35.15159265,12.76000000
361.81948094,22.07286877,35.16767615,12.77000000
362.00582055,22.09189810,35.18457373,12.78000000
362.19225994,22.11092262,35.20228600,12.79000000
362.37880390,22.12994211,35.22081365,12.80000000
362.56545721,22.14895634,35.24015735,12.81000000
362.75222470,22.16796512,35.26031783,12.82000000
362.93911119,22.18696821,35.28129584,12.83000000
363.12612152,22.20596541,35.30309215,12.84000000
363.31326057,22.22495650,35.32570757,12.85000000
363.50053320,22.24394128,35.34914292,12.86000000
363.68794433,22.26291954,35.37339908,12.87000000
363.87549888,22.28189106,35.39847691,12.88000000
364.06320178,22.30085564,35.42437735,12.89000000
364.25105800,22.31981307,35.45110132,12.90000000
364.43907251,22.33876315,35.47864979,12.91000000
364.62725033,22.35770568,35.50702374,12.92000000
364.81559649,22.37664045,35.53622421,12.93000000
365.00411604,22.39556727,35.56625222,12.94000000
365.19281404,22.41448594,35.59710884,12.95000000
365.38169561,22.43339625,35.62879517,12.96000000
365.57076588,22.45229803,35.66131231,12.97000000
365.76002998,22.47119106,35.69466139,12.98000000
365.94949311,22.49007516,35.72884359,12.99000000
366.13916046,22.50895015,35.76386008,13.00000000
366.32903727,22.52781582,35.79971207,13.01000000
366.51912881,22.54667201,35.83640077,13.02000000
366.70944037,22.56551851,35.87392745,13.03000000
366.89997725,22.58435515,35.91229335,13.04000000
367.09074483,22.60318175,35.95149978,13.05000000
367.28174848,22.62199813,35.99154803,13.06000000
367.47299360,22.64080412,36.03243944,13.07000000
367.66448565,22.65959952,36.07417534,13.08000000
367.85623011,22.67838419,36.11675709,13.09000000
368.04823248,22.69715793,36.16018608,13.10000000
368.24049831,22.71592059,36.20446370,13.11000000
368.43303318,22.73467200,36.24959136,13.12000000
368.62584270,22.75341199,36.29557048,13.13000000
368.81893252,22.77214040,36.34240251,13.14000000
369.01230832,22.79085707,36.39008890,13.15000000
369.20597582,22.80956183,36.43863111,13.16000000
369.39994078,22.82825455,36.48803063,13.17000000
369.59420899,22.84693505,36.53828894,13.18000000
369.78878630,22.86560318,36.58940755,13.19000000
369.98367856,22.88425881,36.64138797,13.20000000
370.17889169,22.90290177,36.69423172,13.21000000
370.37443163,22.92153193,36.74794033,13.22000000
370.57030439,22.94014914,36.80251533,13.23000000
370.76651597,22.95875326,36.85795827,13.24000000
370.96307247,22.97734416,36.91427069,13.25000000
371.15997998,22.99592169,36.97145415,13.26000000
371.35724466,23.01448571,37.02951020,13.27000000
371.55487271,23.03303611,37.08844040,13.28000000
371.75287036,23.05157275,37.14824632,13.29000000
371.95124390,23.07009550,37.20892952,13.30000000
372.14999965,23.08860424,37.27049154,13.31000000
372.34914398,23.10709885,37.33293396,13.32000000
372.54868331,23.12557920,37.39625833,13.33000000
372.74862408,23.14404518,37.46046621,13.34000000
372.94897282,23.16249667,37.52555913,13.35000000
373.14973605,23.18093356,37.59153864,13.36000000
373.35092039,23.19935574,37.65840628,13.37000000
373.55253247,23.21776309,37.72616356,13.38000000
373.75457897,23.23615553,37.79481201,13.39000000
373.95706664,23.25453293,37.86435312,13.40000000
374.16000226,23.27289521,37.93478838,13.41000000
374.36339265,23.29124225,38.00611927,13.42000000
374.56724470,23.30957397,38.07834726,13.43000000
374.77156532,23.32789027,38.15147377,13.44000000
374.97636151,23.34619106,38.22550024,13.45000000
375.18164027,23.36447625,38.30042807,13.46000000
375.38740868,23.38274575,38.37625865,13.47000000
375.59367387,23.40099948,38.45299332,13.48000000
375.80044301,23.41923736,38.53063342,13.49000000
376.00772331,23.43745930,38.60918026,13.50000000
376.21552205,23.45566523,38.68863512,13.51000000
376.42384656,23.47385507,38.76899924,13.52000000
376.63270421,23.49202875,38.85027384,13.53000000
376.84210241,23.51018621,38.93246011,13.54000000
377.05204864,23.52832737,39.01555918,13.55000000
377.26255044,23.54645216,39.09957216,13.56000000
377.47361536,23.56456052,39.18450013,13.57000000
377.68525105,23.58265240,39.27034410,13.58000000
377.89746518,23.60072773,39.35710507,13.59000000
378.11026547,23.61878646,39.44478397,13.60000000
378.32365972,23.63682853,39.53338168,13.61000000
378.53765575,23.65485389,39.62289905,13.62000000
378.75226144,23.67286249,39.71333687,13.63000000
378.96748473,23.69085429,39.80469586,13.64000000
379.18333361,23.70882923,39.89697669,13.65000000
379.39981611,23.72678728,39.99017999,13.66000000
379.61694033,23.74472839,40.08430631,13.67000000
379.83471440,23.76265253,40.17935613,13.68000000
380.05314651,23.78055966,40.27532988,13.69000000
380.27224490,23.79844974,40.37222792,13.70000000
380.49201787,23.81632275,40.47005052,13.71000000
380.71247376,23.83417865,40.56879788,13.72000000
380.93362095,23.85201742,40.66847015,13.73000000
381.15546790,23.86983902,40.76906737,13.74000000
381.37802309,23.88764345,40.87058950,13.75000000
381.60129507,23.90543067,40.97303643,13.76000000
381.82529243,23.92320066,41.07640794,13.77000000
382.05002380,23.94095342,41.18070375,13.78000000
382.27549787,23.95868892,41.28592346,13.79000000
382.50172337,23.97640715,41.39206657,13.80000000
382.72870910,23.99410810,41.49913249,13.81000000
382.95646387,24.01179177,41.60712053,13.82000000
383.18499656,24.02945813,41.71602989,13.83000000
383.41431610,24.04710720,41.82585964,13.84000000
383.64443145,24.06473896,41.93660878,13.85000000
383.87535161,24.08235342,42.04827614,13.86000000
384.10708565,24.09995058,42.16086048,13.87000000
384.33964265,24.11753043,42.27436039,13.88000000
384.57303177,24.13509299,42.38877437,13.89000000
384.80726218,24.15263825,42.50410077,13.90000000
385.04234310,24.17016624,42.62033781,13.91000000
385.27828379,24.18767695,42.73748356,13.92000000
385.51509355,24.20517041,42.85553597,13.93000000
385.75278173,24.22264661,42.97449283,13.94000000
385.99135769,24.24010559,43.09435178,13.95000000
386.23083085,24.25754736,43.21511031,13.96000000
386.47121064,24.27497193,43.33676576,13.97000000
386.71250656,24.29237933,43.45931529,13.98000000
386.95472810,24.30976959,43.58275591,13.99000000
387.19788482,24.32714271,43.70708446,14.00000000
387.44198628,24.34449874,43.83229759,14.01000000
387.68704208,24.36183770,43.95839179,14.02000000
387.93306185,24.37915961,44.08536336,14.03000000
388.18005524,24.39646451,44.21320842,14.04000000
388.42803192,24.41375244,44.34192289,14.05000000
388.67700160,24.43102342,44.47150250,14.06000000
388.92697398,24.44827749,44.60194278,14.07000000
389.17795882,24.46551469,44.73323906,14.08000000
389.42996586,24.48273507,44.86538645,14.09000000
389.68300487,24.49993864,44.99837987,14.10000000
389.93708563,24.51712547,45.13221398,14.11000000
390.19221794,24.53429560,45.26688327,14.12000000
390.44841160,24.55144906,45.40238198,14.13000000
390.70567641,24.56858591,45.53870410,14.14000000
390.96402221,24.58570619,45.67584341,14.15000000
391.22345879,24.60280995,45.81379344,14.16000000
391.48399599,24.61989725,45.95254749,14.17000000
391.74564361,24.63696813,46.09209858,14.18000000
392.00841146,24.65402265,46.23243950,14.19000000
392.27230936,24.67106086,46.37356277,14.20000000
392.53734709,24.68808283,46.51546065,14.21000000
392.80353444,24.70508860,46.65812513,14.22000000
393.07088118,24.72207823,46.80154792,14.23000000
393.33939704,24.73905179,46.94572047,14.24000000
393.60909177,24.75600934,47.09063392,14.25000000
393.87997506,24.77295094,47.23627915,14.26000000
394.15205659,24.78987664,47.38264672,14.27000000
394.42534600,24.80678653,47.52972692,14.28000000
394.69985292,24.82368066,47.67750971,14.29000000
394.97558691,24.84055910,47.82598477,14.30000000
395.25255751,24.85742193,47.97514145,14.31000000
395.53077421,24.87426920,48.12496879,14.32000000
395.81024646,24.89110099,48.27545552,14.33000000
396.09098365,24.90791737,48.42659001,14.34000000
396.37299511,24.92471842,48.57836035,14.35000000
396.65629013,24.94150421,48.73075425,14.36000000
396.94087792,24.95827481,48.88375912,14.37000000
397.22676764,24.97503030,49.03736199,14.38000000
397.51396836,24.99177076,49.19154956,14.39000000
397.80248908,25.00849626,49.34630820,14.40000000
398.09233873,25.02520689,49.50162389,14.41000000
398.38352615,25.04190273,49.65748226,14.42000000
398.67606009,25.05858385,49.81386859,14.43000000
398.96994920,25.07525034,49.97076779,14.44000000
399.26520206,25.09190228,50.12816437,14.45000000
399.56182712,25.10853976,50.28604250,14.46000000
399.85983273,25.12516285,50.44438596,14.47000000
400.15922712,25.14177166,50.60317815,14.48000000
400.46001843,25.15836626,50.76240207,14.49000000
400.76221466,25.17494673,50.92204035,14.50000000
401.06582366,25.19151318,51.08207523,14.51000000
401.37085320,25.20806569,51.24248854,14.52000000
401.67731085,25.22460434,51.40326173,14.53000000
401.98520410,25.24112923,51.56437583,14.54000000
402.29454023,25.25764046,51.72581150,14.55000000
402.60532641,25.27413811,51.88754897,14.56000000
402.91756964,25.29062228,52.04956807,14.57000000
403.23127673,25.30709306,52.21184824,14.58000000
403.54645435,25.32355054,52.37436848,14.59000000
403.86310897,25.33999483,52.53710741,14.60000000
404.18124689,25.35642601,52.70004322,14.61000000
404.50087422,25.37284419,52.86315370,14.62000000
404.82199686,25.38924947,53.02641623,14.63000000
405.14462051,25.40564193,53.18980775,14.64000000
405.46875069,25.42202169,53.35330483,14.65000000
405.79439267,25.43838884,53.51688359,14.66000000
406.12155151,25.45474347,53.68051976,14.67000000
406.45023205,25.47108570,53.84418865,14.68000000
406.78043890,25.48741563,54.00786516,14.69000000
407.11217642,25.50373335,54.17152379,14.70000000
407.44544872,25.52003897,54.33513862,14.71000000
407.78025967,25.53633259,54.49868333,14.72000000
408.11661287,25.55261432,54.66213120,14.73000000
408.45451165,25.56888426,54.82545512,14.74000000
408.79395910,25.58514252,54.98862755,14.75000000
409.13495798,25.60138920,55.15162060,14.76000000
409.47751080,25.61762441,55.31440595,14.77000000
409.82161976,25.63384826,55.47695493,14.78000000
410.16728679,25.65006085,55.63923846,14.79000000
410.51451347,25.66626229,55.80122709,14.80000000
410.86330110,25.68245269,55.96289102,14.81000000
411.21365065,25.69863216,56.12420006,14.82000000
411.56556277,25.71480081,56.28512368,14.83000000
411.91903778,25.73095875,56.44563097,14.84000000
412.27407565,25.74710609,56.60569070,14.85000000
412.63067601,25.76324293,56.76527130,14.86000000
412.98883814,25.77936940,56.92434086,14.87000000
413.34856097,25.79548561,57.08286714,14.88000000
413.70984307,25.81159165,57.24081761,14.89000000
414.07268262,25.82768766,57.39815941,14.90000000
414.43707744,25.84377374,57.55485941,14.91000000
414.80302496,25.85985000,57.71088417,14.92000000
415.17052223,25.87591656,57.86620000,14.93000000
415.53956591,25.89197353,58.02077291,14.94000000
415.91015225,25.90802103,58.17456870,14.95000000
416.28227711,25.92405918,58.32755290,14.96000000
416.65593592,25.94008808,58.47969083,14.97000000
417.03112372,25.95610785,58.63094757,14.98000000
417.40783512,25.97211862,58.78128802,14.99000000
417.78606429,25.98812049,58.93067688,15.00000000
418.16580499,26.00411358,59.07907867,15.01000000
418.54705055,26.02009802,59.22645776,15.02000000
418.92979384,26.03607391,59.37277838,15.03000000
419.31402731,26.05204138,59.51800460,15.04000000
419.69974295,26.06800054,59.66210041,15.05000000
420.08693230,26.08395151,59.80502967,15.06000000
420.47558646,26.09989442,59.94675617,15.07000000
420.86569605,26.11582937,60.08724365,15.08000000
421.25725125,26.13175650,60.22645578,15.09000000
421.65024178,26.14767591,60.36435620,15.10000000
422.04465687,26.16358773,60.50090856,15.11000000
422.44048531,26.17949208,60.63607649,15.12000000
422.83771541,26.19538907,60.76982366,15.13000000
423.23633500,26.21127884,60.90211377,15.14000000
423.63633144,26.22716150,61.03291060,15.15000000
424.03769163,26.24303717,61.16217801,15.16000000
424.44040198,26.25890597,61.28987995,15.17000000
424.84444844,26.27476802,61.41598051,15.18000000
425.24981646,26.29062345,61.54044392,15.19000000
425.65649105,26.30647238,61.66323456,15.20000000
426.06445670,26.32231493,61.78431701,15.21000000
426.47369747,26.33815122,61.90365606,15.22000000
426.88419693,26.35398138,62.02121673,15.23000000
427.29593816,26.36980553,62.13696427,15.24000000
427.70890379,26.38562378,62.25086422,15.25000000
428.12307599,26.40143627,62.36288241,15.26000000
428.53843644,26.41724312,62.47298500,15.27000000
428.95496638,26.43304445,62.58113845,15.28000000
429.37264658,26.44884039,62.68730963,15.29000000
429.79145735,26.46463105,62.79146575,15.30000000
430.21137856,26.48041656,62.89357444,15.31000000
430.63238963,26.49619706,62.99360376,15.32000000
431.05446953,26.51197265,63.09152222,15.33000000
431.47759680,26.52774347,63.18729880,15.34000000
431.90174956,26.54350964,63.28090295,15.35000000
432.32690547,26.55927129,63.37230467,15.36000000
432.75304180,26.57502853,63.46147447,15.37000000
433.18013540,26.59078150,63.54838342,15.38000000
433.60816272,26.60653032,63.63300319,15.39000000
434.03709978,26.62227512,63.71530602,15.40000000
434.46692225,26.63801602,63.79526478,15.41000000
434.89760540,26.65375314,63.87285298,15.42000000
435.32912411,26.66948662,63.94804480,15.43000000
435.76145293,26.68521658,64.02081510,15.44000000
436.19456601,26.70094314,64.09113942,15.45000000
436.62843719,26.71666642,64.15899402,15.46000000
437.06303996,26.73238657,64.22435593,15.47000000
437.49834747,26.74810370,64.28720290,15.48000000
437.93433257,26.76381793,64.34751346,15.49000000
438.37096780,26.77952940,64.40526694,15.50000000
438.80822540,26.79523823,64.46044346,15.51000000
439.24607733,26.81094455,64.51302398,15.52000000
439.68449528,26.82664848,64.56299029,15.53000000
440.12345068,26.84235015,64.61032502,15.54000000
440.56291471,26.85804969,64.65501168,15.55000000
441.00285832,26.87374722,64.69703466,15.56000000
441.44325222,26.88944287,64.73637924,15.57000000
441.88406694,26.90513677,64.77303160,15.58000000
442.32527279,26.92082904,64.80697884,15.59000000
442.76683990,26.93651982,64.83820899,15.60000000
443.20873824,26.95220922,64.86671101,15.61000000
443.65093763,26.96789738,64.89247481,15.62000000
444.09340772,26.98358442,64.91549126,15.63000000
444.53611805,26.99927047,64.93575218,15.64000000
444.97903807,27.01495565,64.95325036,15.65000000
445.42213708,27.03064010,64.96797959,15.66000000
445.86538434,27.04632393,64.97993461,15.67000000
446.30874901,27.06200729,64.98911117,15.68000000
446.75220021,27.07769029,64.99550597,15.69000000
447.19570703,27.09337306,64.99911676,15.70000000
447.63923850,27.10905573,64.99994222,15.71000000
448.08276366,27.12473842,64.99798207,15.72000000
448.52625156,27.14042127,64.99323702,15.73000000
448.96967124,27.15610440,64.98570875,15.74000000
449.41299181,27.17178794,64.97539994,15.75000000
449.85618240,27.18747201,64.96231429,15.76000000
450.29921221,27.20315674,64.94645644,15.77000000
450.74205050,27.21884226,64.92783206,15.78000000
451.18466666,27.23452870,64.90644776,15.79000000
451.62703015,27.25021618,64.88231115,15.80000000
452.06911056,27.26590483,64.85543079,15.81000000
452.51087761,27.28159477,64.82581620,15.82000000
452.95230118,27.29728614,64.79347787,15.83000000
453.39335130,27.31297906,64.75842721,15.84000000
453.83399817,27.32867366,64.72067658,15.85000000
454.27421219,27.34437006,64.68023924,15.86000000
454.71396397,27.36006840,64.63712939,15.87000000
455.15322430,27.37576879,64.59136211,15.88000000
455.59196424,27.39147136,64.54295338,15.89000000
456.03015506,27.40717625,64.49192004,15.90000000
456.46776830,27.42288358,64.43827980,15.91000000
456.90477575,27.43859347,64.38205122,15.92000000
457.34114948,27.45430605,64.32325368,15.93000000
457.77686187,27.47002145,64.26190738,15.94000000
458.21188556,27.48573979,64.19803332,15.95000000
458.64619354,27.50146120,64.13165330,15.96000000
459.07975910,27.51718580,64.06278984,15.97000000
459.51255585,27.53291373,63.99146626,15.98000000
459.94455777,27.54864510,63.91770657,15.99000000
460.37573917,27.56438005,63.84153552,16.00000000
460.80607474,27.58011870,63.76297852,16.01000000
461.23553950,27.59586117,63.68206168,16.02000000
461.66410890,27.61160759,63.59881175,16.03000000
462.09175874,27.62735809,63.51325610,16.04000000
462.51846522,27.64311278,63.42542275,16.05000000
462.94420495,27.65887181,63.33534026,16.06000000
463.36895495,27.67463528,63.24303780,16.07000000
463.79269265,27.69040333,63.14854506,16.08000000
464.21539590,27.70617608,63.05189229,16.09000000
464.63704299,27.72195365,62.95311020,16.10000000
465.05761262,27.73773618,62.85223003,16.11000000
465.47708395,27.75352377,62.74928344,16.12000000
465.89543660,27.76931657,62.64430257,16.13000000
466.31265059,27.78511469,62.53731994,16.14000000
466.72870644,27.80091825,62.42836849,16.15000000
467.14358510,27.81672738,62.31748152,16.16000000
467.55726799,27.83254221,62.20469270,16.17000000
467.96973699,27.84836285,62.09003599,16.18000000
468.38097446,27.86418943,61.97354571,16.19000000
468.79096321,27.88002207,61.85525642,16.20000000
469.19968652,27.89586089,61.73520296,16.21000000
469.60712816,27.91170603,61.61342042,16.22000000
470.01327237,27.92755759,61.48994410,16.23000000
470.41810384,27.94341570,61.36480950,16.24000000
470.82160777,27.95928049,61.23805229,16.25000000
471.22376981,27.97515208,61.10970832,16.26000000
471.62457609,27.99103058,60.97981355,16.27000000
472.02401323,28.00691612,60.84840407,16.28000000
472.42206831,28.02280881,60.71551605,16.29000000
472.81872889,28.03870879,60.58118576,16.30000000
473.21398299,28.05461617,60.44544950,16.31000000
473.60781912,28.07053107,60.30834362,16.32000000
474.00022625,28.08645361,60.16990449,16.33000000
474.39119380,28.10238390,60.03016847,16.34000000
474.78071169,28.11832208,59.88917189,16.35000000
475.16877027,28.13426826,59.74695108,16.36000000
475.55536036,28.15022255,59.60354226,16.37000000
475.94047324,28.16618509,59.45898163,16.38000000
476.32410063,28.18215597,59.31330527,16.39000000
476.70623471,28.19813533,59.16654916,16.40000000
477.08686810,28.21412328,59.01874916,16.41000000
477.46599387,28.23011993,58.86994099,16.42000000
477.84360551,28.24612541,58.72016024,16.43000000
478.21969695,28.26213983,58.56944229,16.44000000
478.59426255,28.27816331,58.41782238,16.45000000
478.96729709,28.29419596,58.26533552,16.46000000
479.33879577,28.31023790,58.11201655,16.47000000
479.70875419,28.32628925,57.95790005,16.48000000
480.07716838,28.34235011,57.80302040,16.49000000
480.44403474,28.35842061,57.64741171,16.50000000
480.80935011,28.37450086,57.49110784,16.51000000
481.17311168,28.39059097,57.33414238,16.52000000
481.53531705,28.40669105,57.17654866,16.53000000
481.89596418,28.42280122,57.01835968,16.54000000
482.25505143,28.43892159,56.85960819,16.55000000
482.61257749,28.45505228,56.70032659,16.56000000
482.96854144,28.47119338,56.54054698,16.57000000
483.32294270,28.48734503,56.38030115,16.58000000
483.67578106,28.50350731,56.21962052,16.59000000
484.02705661,28.51968036,56.05853619,16.60000000
484.37676983,28.53586427,55.89707892,16.61000000
484.72492147,28.55205916,55.73527910,16.62000000
485.07151266,28.56826513,55.57316676,16.63000000
485.41654481,28.58448229,55.41077157,16.64000000
485.76001963,28.60071075,55.24812282,16.65000000
486.10193918,28.61695062,55.08524943,16.66000000
486.44230577,28.63320200,54.92217991,16.67000000
486.78112202,28.64946501,54.75894243,16.68000000
487.11839083,28.66573974,54.59556472,16.69000000
487.45411538,28.68202630,54.43207414,16.70000000
487.78829912,28.69832480,54.26849767,16.71000000
488.12094575,28.71463533,54.10486184,16.72000000
488.45205924,28.73095801,53.94119282,16.73000000
488.78164382,28.74729294,53.77751636,16.74000000
489.10970393,28.76364021,53.61385779,16.75000000
489.43624429,28.77999993,53.45024205,16.76000000
489.76126981,28.79637220,53.28669366,16.77000000
490.08478566,28.81275712,53.12323672,16.78000000
490.40679721,28.82915479,52.95989494,16.79000000
490.72731004,28.84556531,52.79669159,16.80000000
491.04632994,28.86198878,52.63364955,16.81000000
491.36386289,28.87842529,52.47079128,16.82000000
491.67991509,28.89487494,52.30813882,16.83000000
491.99449291,28.91133783,52.14571382,16.84000000
492.30760289,28.92781405,51.98353749,16.85000000
492.61925176,28.94430370,51.82163065,16.86000000
492.92944641,28.96080687,51.66001370,16.87000000
493.23819392,28.97732365,51.49870666,16.88000000
493.54550149,28.99385414,51.33772911,16.89000000
493.85137650,29.01039842,51.17710025,16.90000000
494.15582646,29.02695660,51.01683888,16.91000000
494.45885903,29.04352875,50.85696338,16.92000000
494.76048201,29.06011497,50.69749176,16.93000000
495.06070332,29.07671534,50.53844163,16.94000000
495.35953101,29.09332996,50.37983021,16.95000000
495.65697325,29.10995890,50.22167431,16.96000000
495.95303834,29.12660226,50.06399040,16.97000000
496.24773465,29.14326012,49.90679454,16.98000000
496.54107071,29.15993256,49.75010241,16.99000000
496.83305509,29.17661966,49.59392934,17.00000000
497.12369651,29.19332151,49.43829027,17.01000000
497.41300376,29.21003819,49.28319978,17.02000000
497.70098570,29.22676978,49.12867210,17.03000000
497.98765129,29.24351635,48.97472107,17.04000000
498.27300958,29.26027799,48.82136021,17.05000000
498.55706965,29.27705477,48.66860267,17.06000000
498.83984071,29.29384676,48.51646128,17.07000000
499.12133198,29.31065405,48.36494849,17.08000000
499.40155276,29.32747670,48.21407644,17.09000000
499.68051243,29.34431479,48.06385693,17.10000000
499.95822040,29.36116838,47.91430143,17.11000000
500.23468612,29.37803756,47.76542110,17.12000000
500.50991911,29.39492239,47.61722677,17.13000000
500.78392893,29.41182293,47.46972894,17.14000000
501.05672515,29.42873925,47.32293784,17.15000000
501.32831742,29.44567142,47.17686335,17.16000000
501.59871538,29.46261951,47.03151509,17.17000000
501.86792873,29.47958357,46.88690236,17.18000000
502.13596717,29.49656367,46.74303417,17.19000000
502.40284046,29.51355987,46.59991926,17.20000000
502.66855834,29.53057223,46.45756607,17.21000000
502.93313058,29.54760081,46.31598277,17.22000000
503.19656698,29.56464566,46.17517727,17.23000000
503.45887732,29.58170684,46.03515719,17.24000000
503.72007143,29.59878440,45.89592992,17.25000000
503.98015911,29.61587840,45.75750256,17.26000000
504.23915018,29.63298888,45.61988197,17.27000000
504.49705446,29.65011591,45.48307477,17.28000000
504.75388176,29.66725952,45.34708733,17.29000000
505.00964190,29.68441976,45.21192577,17.30000000
505.26434468,29.70159668,45.07759601,17.31000000
505.51799991,29.71879033,44.94410369,17.32000000
505.77061737,29.73600074,44.81145427,17.33000000
506.02220684,29.75322797,44.67965298,17.34000000
506.27277808,29.77047204,44.54870481,17.35000000
506.52234084,29.78773299,44.41861457,17.36000000
506.77090485,29.80501087,44.28938684,17.37000000
507.01847983,29.82230571,44.16102602,17.38000000
507.26507545,29.83961754,44.03353629,17.39000000
507.51070138,29.85694639,43.90692165,17.40000000
507.75536728,29.87429230,43.78118591,17.41000000
507.99908274,29.89165529,43.65633270,17.42000000
508.24185736,29.90903538,43.53236546,17.43000000
508.48370071,29.92643262,43.40928744,17.44000000
508.72462230,29.94384701,43.28710176,17.45000000
508.96463164,29.96127859,43.16581134,17.46000000
509.20373818,29.97872736,43.04541893,17.47000000
509.44195137,29.99619336,42.92592715,17.48000000
509.67928060,30.01367659,42.80733844,17.49000000
509.91573523,30.03117707,42.68965510,17.50000000
510.15132457,30.04869482,42.57287927,17.51000000
510.38605792,30.06622984,42.45701295,17.52000000
510.61994452,30.08378215,42.34205802,17.53000000
510.85299358,30.10135175,42.22801619,17.54000000
511.08521425,30.11893865,42.11488906,17.55000000
511.31661567,30.13654286,42.00267808,17.56000000
511.54720690,30.15416437,41.89138461,17.57000000
511.77699699,30.17180318,41.78100985,17.58000000
512.00599493,30.18945929,41.67155490,17.59000000
512.23420966,30.20713271,41.56302073,17.60000000
512.46165010,30.22482341,41.45540822,17.61000000
512.68832509,30.24253140,41.34871812,17.62000000
512.91424344,30.26025667,41.24295110,17.63000000
513.13941392,30.27799920,41.13810768,17.64000000
513.36384525,30.29575898,41.03418834,17.65000000
513.58754608,30.31353600,40.93119342,17.66000000
513.81052505,30.33133023,40.82912318,17.67000000
514.03279071,30.34914165,40.72797780,17.68000000
514.25435160,30.36697025,40.62775736,17.69000000
514.47521618,30.38481600,40.52846186,17.70000000
514.69539287,30.40267888,40.43009122,17.71000000
514.91489005,30.42055884,40.33264526,17.72000000
515.13371604,30.43845587,40.23612377,17.73000000
515.35187910,30.45636993,40.14052642,17.74000000
515.56938747,30.47430099,40.04585284,17.75000000
515.78624931,30.49224901,39.95210258,17.76000000
516.00247273,30.51021394,39.85927511,17.77000000
516.21806581,30.52819575,39.76736986,17.78000000
516.43303657,30.54619440,39.67638620,17.79000000
516.64739296,30.56420983,39.58632341,17.80000000
516.86114291,30.58224201,39.49718076,17.81000000
517.07429427,30.60029087,39.40895743,17.82000000
517.28685485,30.61835637,39.32165255,17.83000000
517.49883242,30.63643845,39.23526523,17.84000000
517.71023469,30.65453705,39.14979451,17.85000000
517.92106931,30.67265211,39.06523939,17.86000000
518.13134388,30.69078358,38.98159881,17.87000000
518.34106597,30.70893138,38.89887171,17.88000000
518.55024308,30.72709546,38.81705695,17.89000000
518.75888266,30.74527573,38.73615337,17.90000000
518.96699211,30.76347214,38.65615978,17.91000000
519.17457879,30.78168460,38.57707495,17.92000000
519.38165000,30.79991304,38.49889762,17.93000000
519.58821298,30.81815738,38.42162651,17.94000000
519.79427495,30.83641755,38.34526028,17.95000000
519.99984305,30.85469345,38.26979760,17.96000000
520.20492438,30.87298500,38.19523710,17.97000000
520.40952600,30.89129212,38.12157740,17.98000000
520.61365492,30.90961472,38.04881707,17.99000000
520.81731808,30.92795269,37.97695469,18.00000000
521.02052239,30.94630595,37.90598880,18.01000000
521.22327471,30.96467440,37.83591795,18.02000000
521.42558186,30.98305794,37.76674064,18.03000000
521.62745059,31.00145646,37.69845539,18.04000000
521.82888763,31.01986987,37.63106069,18.05000000
522.02989963,31.03829806,37.56455501,18.06000000
522.23049323,31.05674091,37.49893683,18.07000000
522.43067500,31.07519831,37.43420462,18.08000000
522.63045146,31.09367016,37.37035682,18.09000000
522.82982911,31.11215633,37.30739190,18.10000000
523.02881438,31.13065671,37.24530829,18.11000000
523.22741367,31.14917117,37.18410444,18.12000000
523.42563334,31.16769960,37.12377879,18.13000000
523.62347968,31.18624185,37.06432978,18.14000000
523.82095896,31.20479782,37.00575585,18.15000000
524.01807740,31.22336736,36.94805543,18.16000000
524.21484119,31.24195035,36.89122697,18.17000000
524.41125645,31.26054665,36.83526892,18.18000000
524.60732928,31.27915612,36.78017972,18.19000000
524.80306574,31.29777862,36.72595783,18.20000000
524.99847184,31.31641402,36.67260170,18.21000000
525.19355355,31.33506216,36.62010981,18.22000000
525.38831680,31.35372290,36.56848063,18.23000000
525.58276749,31.37239609,36.51771264,18.24000000
525.77691148,31.39108158,36.46780433,18.25000000
525.97075457,31.40977922,36.41875422,18.26000000
526.16430256,31.42848885,36.37056080,18.27000000
526.35756117,31.44721032,36.32322261,18.28000000
526.55053613,31.46594347,36.27673818,18.29000000
526.74323309,31.48468813,36.23110607,18.30000000
526.93565769,31.50344414,36.18632485,18.31000000
527.12781553,31.52221134,36.14239308,18.32000000
527.31971217,31.54098955,36.09930938,18.33000000
527.51135315,31.55977861,36.05707234,18.34000000
527.70274396,31.57857835,36.01568061,18.35000000
527.89389006,31.59738859,35.97513282,18.36000000
528.08479689,31.61620915,35.93542764,18.37000000
528.27546985,31.63503987,35.89656375,18.38000000
528.46591431,31.65388055,35.85853986,18.39000000
528.65613560,31.67273102,35.82135468,18.40000000
528.84613903,31.69159109,35.78500696,18.41000000
529.03592989,31.71046058,35.74949546,18.42000000
529.22551342,31.72933930,35.71481896,18.43000000
529.41489485,31.74822707,35.68097627,18.44000000
529.60407937,31.76712368,35.64796621,18.45000000
529.79307215,31.78602896,35.61578764,18.46000000
529.98187833,31.80494270,35.58443942,18.47000000
530.17050303,31.82386471,35.55392046,18.48000000
530.35895133,31.84279479,35.52422967,18.49000000
530.54722831,31.86173275,35.49536601,18.50000000
530.73533900,31.88067838,35.46732843,18.51000000
530.92328843,31.89963148,35.44011594,18.52000000
531.11108160,31.91859185,35.41372755,18.53000000
531.29872347,31.93755928,35.38816231,18.54000000
531.48621900,31.95653357,35.36341929,18.55000000
531.67357312,31.97551450,35.33949759,18.56000000
531.86079075,31.99450188,35.31639633,18.57000000
532.04787678,32.01349549,35.29411467,18.58000000
532.23483608,32.03249512,35.27265179,18.59000000
532.42167351,32.05150055,35.25200689,18.60000000
532.60839390,32.07051157,35.23217921,18.61000000
532.79500209,32.08952797,35.21316801,18.62000000
532.98150287,32.10854953,35.19497259,18.63000000
533.16790104,32.12757604,35.17759225,18.64000000
533.35420137,32.14660727,35.16102636,18.65000000
533.54040863,32.16564301,35.14527429,18.66000000
533.72652755,32.18468303,35.13033544,18.67000000
533.91256288,32.20372712,35.11620926,18.68000000
534.09851934,32.22277505,35.10289521,18.69000000
534.28440163,32.24182660,35.09039278,18.70000000
534.47021447,32.26088155,35.07870150,18.71000000
534.65596254,32.27993967,35.06782092,18.72000000
534.84165051,32.29900075,35.05775064,18.73000000
535.02728307,32.31806454,35.04849026,18.74000000
535.21286488,32.33713083,35.04003944,18.75000000
535.39840059,32.35619940,35.03239784,18.76000000
535.58389485,32.37527001,35.02556519,18.77000000
535.76935231,32.39434244,35.01954121,18.78000000
535.95477760,32.41341645,35.01432568,18.79000000
536.14017536,32.43249183,35.00991839,18.80000000
536.32555022,32.45156834,35.00631918,18.81000000
536.51090680,32.47064576,35.00352791,18.82000000
536.69624972,32.48972386,35.00154446,18.83000000
536.88158361,32.50880240,35.00036878,18.84000000
537.06691308,32.52788116,35.00000080,18.85000000
537.25224276,32.54695991,35.00044051,18.86000000
537.43757727,32.56603842,35.00168794,18.87000000
537.62292121,32.58511646,35.00374313,18.88000000
537.80827923,32.60419381,35.00660615,18.89000000
537.99365593,32.62327023,35.01027713,18.90000000
538.17905595,32.64234550,35.01475619,18.91000000
538.36448391,32.66141938,35.02004352,18.92000000
538.54994445,32.68049166,35.02613931,18.93000000
538.73544220,32.69956209,35.03304380,18.94000000
538.92098182,32.71863047,35.04075725,18.95000000
539.10656795,32.73769655,35.04927996,18.96000000
539.29220524,32.75676011,35.05861226,18.97000000
539.47789836,32.77582093,35.06875449,18.98000000
539.66365199,32.79487878,35.07970705,18.99000000
539.84947081,32.81393344,35.09147036,19.00000000
540.03535950,32.83298468,35.10404485,19.01000000
540.22132278,32.85203227,35.11743102,19.02000000
540.40736534,32.87107601,35.13162936,19.03000000
540.59349191,32.89011566,35.14664041,19.04000000
540.77970724,32.90915101,35.16246474,19.05000000
540.96601607,32.92818183,35.17910294,19.06000000
541.15242316,32.94720790,35.19655564,19.07000000
541.33893329,32.96622901,35.21482349,19.08000000
541.52555125,32.98524494,35.23390717,19.09000000
541.71228184,33.00425548,35.25380740,19.10000000
541.89912990,33.02326040,35.27452492,19.11000000
542.08610026,33.04225951,35.29606049,19.12000000
542.27319778,33.06125257,35.31841491,19.13000000
542.46042733,33.08023938,35.34158900,19.14000000
542.64779381,33.09921974,35.36558361,19.15000000
542.83530214,33.11819343,35.39039962,19.16000000
543.02295725,33.13716024,35.41603793,19.17000000
543.21076409,33.15611997,35.44249947,19.18000000
543.39872764,33.17507242,35.46978521,19.19000000
543.58685290,33.19401737,35.49789611,19.20000000
543.77514489,33.21295464,35.52683320,19.21000000
543.96360865,33.23188401,35.55659750,19.22000000
544.15224926,33.25080530,35.58719006,19.23000000
544.34107181,33.26971829,35.61861198,19.24000000
544.53008141,33.28862281,35.65086436,19.25000000
544.71928321,33.30751864,35.68394832,19.26000000
544.90868237,33.32640561,35.71786502,19.27000000
545.09828411,33.34528352,35.75261563,19.28000000
545.28809363,33.36415218,35.78820136,19.29000000
545.47811620,33.38301141,35.82462341,19.30000000
545.66835710,33.40186102,35.86188302,19.31000000
545.85882163,33.42070082,35.89998147,19.32000000
546.04951514,33.43953064,35.93892002,19.33000000
546.24044301,33.45835029,35.97869999,19.34000000
546.43161062,33.47715961,36.01932268,19.35000000
546.62302343,33.49595840,36.06078943,19.36000000
546.81468689,33.51474651,36.10310161,19.37000000
547.00660651,33.53352375,36.14626058,19.38000000
547.19878782,33.55228996,36.19026773,19.39000000
547.39123638,33.57104497,36.23512447,19.40000000
547.58395780,33.58978861,36.28083222,19.41000000
547.77695772,33.60852073,36.32739241,19.42000000
547.97024181,33.62724115,36.37480650,19.43000000
548.16381577,33.64594973,36.42307595,19.44000000
548.35768535,33.66464630,36.47220223,19.45000000
548.55185634,33.68333070,36.52218683,19.46000000
548.74633456,33.70200280,36.57303124,19.47000000
548.94112585,33.72066242,36.62473699,19.48000000
549.13623613,33.73930944,36.67730557,19.49000000
549.33167133,33.75794369,36.73073853,19.50000000
549.52743742,33.77656504,36.78503739,19.51000000
549.72354042,33.79517335,36.84020369,19.52000000
549.91998639,33.81376847,36.89623899,19.53000000
550.11678143,33.83235027,36.95314483,19.54000000
550.31393167,33.85091861,37.01092276,19.55000000
550.51144330,33.86947336,37.06957435,19.56000000
550.70932254,33.88801440,37.12910116,19.57000000
550.90757566,33.90654159,37.18950475,19.58000000
551.10620898,33.92505480,37.25078667,19.59000000
551.30522884,33.94355392,37.31294849,19.60000000
551.50464165,33.96203883,37.37599176,19.61000000
551.70445385,33.98050940,37.43991804,19.62000000
551.90467193,33.99896552,37.50472888,19.63000000
552.10530242,34.01740707,37.57042582,19.64000000
552.30635190,34.03583394,37.63701040,19.65000000
552.50782701,34.05424604,37.70448414,19.66000000
552.70973441,34.07264324,37.77284855,19.67000000
552.91208082,34.09102544,37.84210516,19.68000000
553.11487301,34.10939254,37.91225545,19.69000000
553.31811780,34.12774445,37.98330090,19.70000000
553.52182204,34.14608106,38.05524297,19.71000000
553.72599266,34.16440228,38.12808312,19.72000000
553.93063660,34.18270802,38.20182278,19.73000000
554.13576088,34.20099819,38.27646335,19.74000000
554.34137255,34.21927270,38.35200622,19.75000000
554.54747873,34.23753146,38.42845276,19.76000000
554.75408656,34.25577439,38.50580431,19.77000000
554.96120325,34.27400142,38.58406219,19.78000000
555.16883607,34.29221246,38.66322768,19.79000000
555.37699231,34.31040743,38.74330204,19.80000000
555.58567933,34.32858627,38.82428650,19.81000000
555.79490453,34.34674890,38.90618224,19.82000000
556.00467539,34.36489526,38.98899043,19.83000000
556.21499940,34.38302527,39.07271219,19.84000000
556.42588413,34.40113888,39.15734859,19.85000000
556.63733718,34.41923601,39.24290068,19.86000000
556.84936622,34.43731662,39.32936945,19.87000000
557.06197896,34.45538064,39.41675586,19.88000000
557.27518317,34.47342803,39.50506081,19.89000000
557.48898665,34.49145872,39.59428516,19.90000000
557.70339729,34.50947266,39.68442970,19.91000000
557.91842299,34.52746981,39.77549519,19.92000000
558.13407174,34.54545013,39.86748232,19.93000000
558.35035154,34.56341356,39.96039172,19.94000000
558.56727046,34.58136007,40.05422397,19.95000000
558.78483665,34.59928962,40.14897958,19.96000000
559.00305826,34.61720217,40.24465900,19.97000000
559.22194352,34.63509769,40.34126258,19.98000000
559.44150072,34.65297614,40.43879065,19.99000000
