0.00000000,0.00000000,26.30000000,0.00000000
0.00000000,0.00000000,26.30000000,0.00000000
8.71021842,0.93216890,26.30024347,0.01000000
17.16587668,1.83707150,26.30097389,0.02000000
25.17300645,2.69392975,26.30219127,0.03000000
32.62396265,3.49120940,26.30389562,0.04000000
39.48688178,4.22549153,26.30608695,0.05000000
45.77969384,4.89868996,26.30876530,0.06000000
51.54601463,5.51546990,26.31193069,0.07000000
56.83891883,6.08151031,26.31558316,0.08000000
61.71190565,6.60253638,26.31972274,0.09000000
66.21462424,7.08386168,26.32434949,0.10000000
70.39128488,7.53021790,26.32946345,0.11000000
74.28042756,7.94572998,26.33506467,0.12000000
77.91530279,8.33395679,26.34115323,0.13000000
81.32447854,8.69795604,26.34772918,0.14000000
84.53248751,9.04035356,26.35479259,0.15000000
87.56043243,9.36340807,26.36234353,0.16000000
90.42651943,9.66906825,26.37038210,0.17000000
93.14651371,9.95902151,26.37890837,0.18000000
95.73412267,10.23473501,26.38792242,0.19000000
98.20131520,10.49748982,26.39742436,0.20000000
100.55858707,10.74840931,26.40741427,0.21000000
102.81518121,10.98848278,26.41789226,0.22000000
104.97927085,11.21858498,26.42885844,0.23000000
107.05811211,11.43949253,26.44031290,0.24000000
109.05817159,11.65189751,26.45225576,0.25000000
110.98523333,11.85641897,26.46468714,0.26000000
112.84448898,12.05361250,26.47760715,0.27000000
114.64061394,12.24397846,26.49101592,0.28000000
116.37783201,12.42796885,26.50491356,0.29000000
118.05997057,12.60599325,26.51930021,0.30000000
119.69050762,12.77842382,26.53417599,0.31000000
121.27261235,12.94559967,26.54954103,0.32000000
122.80918003,13.10783058,26.56539546,0.33000000
124.30286217,13.26540024,26.58173943,0.34000000
125.75609278,13.41856905,26.59857305,0.35000000
127.17111121,13.56757657,26.61589647,0.36000000
128.54998210,13.71264366,26.63370984,0.37000000
129.89461288,13.85397433,26.65201327,0.38000000
131.20676919,13.99175744,26.67080692,0.39000000
132.48808843,14.12616809,26.69009092,0.40000000
133.74009179,14.25736895,26.70986540,0.41000000
134.96419490,14.38551138,26.73013052,0.42000000
136.16171729,14.51073645,26.75088639,0.43000000
137.33389085,14.63317586,26.77213316,0.44000000
138.48186735,14.75295271,26.79387097,0.45000000
139.60672522,14.87018225,26.81609994,0.46000000
140.70947562,14.98497253,26.83882020,0.47000000
141.79106788,15.09742497,26.86203188,0.48000000
142.85239440,15.20763492,26.88573510,0.49000000
143.89429516,15.31569206,26.90992999,0.50000000
144.91756166,15.42168093,26.93461665,0.51000000
145.92294062,15.52568125,26.95979522,0.52000000
146.91113730,15.62776830,26.98546578,0.53000000
147.88281844,15.72801322,27.01162845,0.54000000
148.83861510,15.82648335,27.03828332,0.55000000
149.77912511,15.92324246,27.06543049,0.56000000
150.70491536,16.01835099,27.09307004,0.57000000
151.61652395,16.11186632,27.12120204,0.58000000
152.51446204,16.20384292,27.14982658,0.59000000
153.39921568,16.29433259,27.17894371,0.60000000
154.27124742,16.38338458,27.20855350,0.61000000
155.13099780,16.47104580,27.23865598,0.62000000
155.97888673,16.55736095,27.26925120,0.63000000
156.81531475,16.64237265,27.30033918,0.64000000
157.64066426,16.72612157,27.33191994,0.65000000
158.45530055,16.80864655,27.36399349,0.66000000
159.25957286,16.88998470,27.39655982,0.67000000
160.05381527,16.97017152,27.42961892,0.68000000
160.83834761,17.04924095,27.46317076,0.69000000
161.61347625,17.12722551,27.49721530,0.70000000
162.37949486,17.20415636,27.53175247,0.71000000
163.13668511,17.28006336,27.56678222,0.72000000
163.88531730,17.35497516,27.60230445,0.73000000
164.62565101,17.42891923,27.63831906,0.74000000
165.35793566,17.50192198,27.67482595,0.75000000
166.08241101,17.57400878,27.71182496,0.76000000
166.79930771,17.64520400,27.74931595,0.77000000
167.50884771,17.71553110,27.78729876,0.78000000
168.21124474,17.78501264,27.82577319,0.79000000
168.90670472,17.85367034,27.86473903,0.80000000
169.59542611,17.92152513,27.90419605,0.81000000
170.27760032,17.98859716,27.94414400,0.82000000
170.95341199,18.05490589,27.98458262,0.83000000
171.62303939,18.12047005,28.02551160,0.84000000
172.28665464,18.18530774,28.06693062,0.85000000
172.94442405,18.24943643,28.10883935,0.86000000
173.59650836,18.31287296,28.15123741,0.87000000
174.24306301,18.37563365,28.19412441,0.88000000
174.88423838,18.43773423,28.23749993,0.89000000
175.52017998,18.49918993,28.28136352,0.90000000
176.15102871,18.56001548,28.32571470,0.91000000
176.77692104,18.62022512,28.37055297,0.92000000
177.39798919,18.67983265,28.41587778,0.93000000
178.01436133,18.73885143,28.46168858,0.94000000
178.62616176,18.79729438,28.50798475,0.95000000
179.23351102,18.85517404,28.55476568,0.96000000
179.83652612,18.91250256,28.60203068,0.97000000
180.43532062,18.96929172,28.64977907,0.98000000
181.03000481,19.02555295,28.69801009,0.99000000
181.62068581,19.08129732,28.74672298,1.00000000
182.20746773,19.13653559,28.79591692,1.01000000
182.79045177,19.19127821,28.84559106,1.02000000
183.36973632,19.24553532,28.89574451,1.03000000
183.94541710,19.29931677,28.94637634,1.04000000
184.51758725,19.35263213,28.99748557,1.05000000
185.08633739,19.40549069,29.04907118,1.06000000
185.65175579,19.45790152,29.10113212,1.07000000
186.21392839,19.50987339,29.15366727,1.08000000
186.77293892,19.56141487,29.20667549,1.09000000
187.32886897,19.61253427,29.26015557,1.10000000
187.88179806,19.66323970,29.31410626,1.11000000
188.43180373,19.71353904,29.36852626,1.12000000
188.97896162,19.76343997,29.42341423,1.13000000
189.52334549,19.81294997,29.47876876,1.14000000
190.06502734,19.86207632,29.53458839,1.15000000
190.60407744,19.91082612,29.59087162,1.16000000
191.14056439,19.95920629,29.64761689,1.17000000
191.67455519,20.00722357,29.70482255,1.18000000
192.20611528,20.05488454,29.76248695,1.19000000
192.73530861,20.10219561,29.82060833,1.20000000
193.26219765,20.14916303,29.87918490,1.21000000
193.78684351,20.19579292,29.93821479,1.22000000
194.30930590,20.24209123,29.99769608,1.23000000
194.82964323,20.28806377,30.05762678,1.24000000
195.34791264,20.33371622,30.11800483,1.25000000
195.86417003,20.37905413,30.17882811,1.26000000
196.37847010,20.42408291,30.24009442,1.27000000
196.89086641,20.46880785,30.30180151,1.28000000
197.40141138,20.51323412,30.36394704,1.29000000
197.91015635,20.55736677,30.42652861,1.30000000
198.41715160,20.60121075,30.48954374,1.31000000
198.92244638,20.64477087,30.55298988,1.32000000
199.42608896,20.68805185,30.61686439,1.33000000
199.92812662,20.73105833,30.68116457,1.34000000
200.42860573,20.77379480,30.74588763,1.35000000
200.92757174,20.81626569,30.81103071,1.36000000
201.42506920,20.85847533,30.87659084,1.37000000
201.92114181,20.90042794,30.94256500,1.38000000
202.41583244,20.94212767,31.00895008,1.39000000
202.90918314,20.98357857,31.07574286,1.40000000
203.40123516,21.02478461,31.14294005,1.41000000
203.89202899,21.06574969,31.21053827,1.42000000
204.38160436,21.10647761,31.27853405,1.43000000
204.87000028,21.14697210,31.34692383,1.44000000
205.35725504,21.18723683,31.41570394,1.45000000
205.84340624,21.22727537,31.48487065,1.46000000
206.32849080,21.26709124,31.55442009,1.47000000
206.81254497,21.30668788,31.62434832,1.48000000
207.29560438,21.34606867,31.69465130,1.49000000
207.77770402,21.38523691,31.76532489,1.50000000
208.25887825,21.42419586,31.83636483,1.51000000
208.73916086,21.46294871,31.90776678,1.52000000
209.21858502,21.50149856,31.97952629,1.53000000
209.69718337,21.53984850,32.05163878,1.54000000
210.17498796,21.57800153,32.12409960,1.55000000
210.65203030,21.61596060,32.19690398,1.56000000
211.12834136,21.65372861,32.27004701,1.57000000
211.60395160,21.69130840,32.34352372,1.58000000
212.07889095,21.72870278,32.41732898,1.59000000
212.55318886,21.76591448,32.49145758,1.60000000
213.02687426,21.80294619,32.56590417,1.61000000
213.49997562,21.83980057,32.64066330,1.62000000
213.97252093,21.87648021,32.71572940,1.63000000
214.44453770,21.91298768,32.79109678,1.64000000
214.91605300,21.94932547,32.86675962,1.65000000
215.38709345,21.98549606,32.94271200,1.66000000
215.85768524,22.02150188,33.01894785,1.67000000
216.32785410,22.05734530,33.09546100,1.68000000
216.79762536,22.09302867,33.17224514,1.69000000
217.26702392,22.12855429,33.24929386,1.70000000
217.73607428,22.16392444,33.32660058,1.71000000
218.20480052,22.19914134,33.40415863,1.72000000
218.67322633,22.23420719,33.48196119,1.73000000
219.14137501,22.26912413,33.56000133,1.74000000
219.60926946,22.30389431,33.63827197,1.75000000
220.07693221,22.33851979,33.71676590,1.76000000
220.54438541,22.37300264,33.79547579,1.77000000
221.01165083,22.40734489,33.87439418,1.78000000
221.47874989,22.44154852,33.95351345,1.79000000
221.94570362,22.47561550,34.03282587,1.80000000
222.41253273,22.50954775,34.11232357,1.81000000
222.87925753,22.54334717,34.19199854,1.82000000
223.34589802,22.57701565,34.27184263,1.83000000
223.81247382,22.61055502,34.35184756,1.84000000
224.27900423,22.64396710,34.43200492,1.85000000
224.74550820,22.67725368,34.51230615,1.86000000
225.21200434,22.71041653,34.59274255,1.87000000
225.67851093,22.74345737,34.67330529,1.88000000
226.14504590,22.77637794,34.75398540,1.89000000
226.61162689,22.80917990,34.83477377,1.90000000
227.07827118,22.84186493,34.91566116,1.91000000
227.54499573,22.87443467,34.99663817,1.92000000
228.01181720,22.90689073,35.07769528,1.93000000
228.47875189,22.93923472,35.15882283,1.94000000
228.94581582,22.97146819,35.24001102,1.95000000
229.41302467,23.00359271,35.32124991,1.96000000
229.88039382,23.03560981,35.40252941,1.97000000
230.34793832,23.06752099,35.48383931,1.98000000
230.81567293,23.09932775,35.56516928,1.99000000
231.28361207,23.13103155,35.64650881,2.00000000
231.75176988,23.16263384,35.72784728,2.01000000
232.22016018,23.19413606,35.80917394,2.02000000
232.68879647,23.22553963,35.89047790,2.03000000
233.15769195,23.25684592,35.97174814,2.04000000
233.62685954,23.28805633,36.05297349,2.05000000
234.09631182,23.31917221,36.13414269,2.06000000
234.56606108,23.35019491,36.21524430,2.07000000
235.03611931,23.38112575,36.29626679,2.08000000
235.50649818,23.41196604,36.37719849,2.09000000
235.97720909,23.44271707,36.45802761,2.10000000
236.44826310,23.47338013,36.53874223,2.11000000
236.91967099,23.50395648,36.61933031,2.12000000
237.39144324,23.53444736,36.69977969,2.13000000
237.86359002,23.56485401,36.78007810,2.14000000
238.33612120,23.59517765,36.86021315,2.15000000
238.80904635,23.62541947,36.94017232,2.16000000
239.28237473,23.65558069,37.01994301,2.17000000
239.75611533,23.68566246,37.09951248,2.18000000
240.23027679,23.71566596,37.17886791,2.19000000
240.70486750,23.74559234,37.25799636,2.20000000
241.17989551,23.77544273,37.33688478,2.21000000
241.65536859,23.80521827,37.41552006,2.22000000
242.13129420,23.83492006,37.49388895,2.23000000
242.60767950,23.86454922,37.57197814,2.24000000
243.08453137,23.89410682,37.64977421,2.25000000
243.56185635,23.92359395,37.72726366,2.26000000
244.03966070,23.95301168,37.80443292,2.27000000
244.51795040,23.98236106,37.88126832,2.28000000
244.99673108,24.01164315,37.95775613,2.29000000
245.47600810,24.04085897,38.03388255,2.30000000
245.95578653,24.07000955,38.10963370,2.31000000
246.43607112,24.09909591,38.18499564,2.32000000
246.91686630,24.12811905,38.25995438,2.33000000
247.39817625,24.15707997,38.33449586,2.34000000
247.88000480,24.18597966,38.40860599,2.35000000
248.36235550,24.21481909,38.48227061,2.36000000
248.84523161,24.24359923,38.55547553,2.37000000
249.32863606,24.27232103,38.62820652,2.38000000
249.81257152,24.30098546,38.70044932,2.39000000
250.29704031,24.32959345,38.77218964,2.40000000
250.78204450,24.35814593,38.84341316,2.41000000
251.26758582,24.38664383,38.91410556,2.42000000
251.75366573,24.41508807,38.98425249,2.43000000
252.24028538,24.44347956,39.05383960,2.44000000
252.72744562,24.47181919,39.12285254,2.45000000
253.21514701,24.50010787,39.19127695,2.46000000
253.70338981,24.52834647,39.25909850,2.47000000
254.19217398,24.55653589,39.32630286,2.48000000
254.68149919,24.58467699,39.39287572,2.49000000
255.17136482,24.61277063,39.45880280,2.50000000
255.66176995,24.64081768,39.52406985,2.51000000
256.15271338,24.66881900,39.58866267,2.52000000
256.64419361,24.69677541,39.65256708,2.53000000
257.13620884,24.72468777,39.71576897,2.54000000
257.62875701,24.75255691,39.77825427,2.55000000
258.12183576,24.78038366,39.84000899,2.56000000
258.61544245,24.80816883,39.90101919,2.57000000
259.10957413,24.83591325,39.96127101,2.58000000
259.60422762,24.86361772,40.02075069,2.59000000
260.09939942,24.89128305,40.07944453,2.60000000
260.59508577,24.91891004,40.13733894,2.61000000
261.09128263,24.94649948,40.19442042,2.62000000
261.58798569,24.97405216,40.25067558,2.63000000
262.08519037,25.00156887,40.30609115,2.64000000
262.58289183,25.02905039,40.36065398,2.65000000
263.08108494,25.05649748,40.41435103,2.66000000
263.57976435,25.08391093,40.46716941,2.67000000
264.07892440,25.11129149,40.51909636,2.68000000
264.57855922,25.13863992,40.57011927,2.69000000
265.07866265,25.16595699,40.62022567,2.70000000
265.57922830,25.19324345,40.66940327,2.71000000
266.08024954,25.22050004,40.71763994,2.72000000
266.58171947,25.24772750,40.76492370,2.73000000
267.08363098,25.27492659,40.81124277,2.74000000
267.58597670,25.30209804,40.85658554,2.75000000
268.08874904,25.32924257,40.90094062,2.76000000
268.59194017,25.35636093,40.94429677,2.77000000
269.09554206,25.38345383,40.98664299,2.78000000
269.59954643,25.41052200,41.02796848,2.79000000
270.10394480,25.43756617,41.06826264,2.80000000
270.60872848,25.46458704,41.10751511,2.81000000
271.11388856,25.49158533,41.14571576,2.82000000
271.61941595,25.51856175,41.18285466,2.83000000
272.12530135,25.54551701,41.21892217,2.84000000
272.63153524,25.57245182,41.25390884,2.85000000
273.13810797,25.59936688,41.28780551,2.86000000
273.64500965,25.62626289,41.32060325,2.87000000
274.15223025,25.65314054,41.35229341,2.88000000
274.65975955,25.68000053,41.38286759,2.89000000
275.16758717,25.70684356,41.41231767,2.90000000
275.67570256,25.73367031,41.44063579,2.91000000
276.18409502,25.76048148,41.46781440,2.92000000
276.69275371,25.78727776,41.49384620,2.93000000
277.20166763,25.81405982,41.51872420,2.94000000
277.71082565,25.84082835,41.54244169,2.95000000
278.22021649,25.86758403,41.56499227,2.96000000
278.72982878,25.89432755,41.58636984,2.97000000
279.23965098,25.92105958,41.60656860,2.98000000
279.74967149,25.94778079,41.62558305,2.99000000
280.25987855,25.97449187,41.64340802,3.00000000
280.77026034,26.00119349,41.66003864,3.01000000
281.28080492,26.02788632,41.67547037,3.02000000
281.79150027,26.05457103,41.68969899,3.03000000
282.30233428,26.08124830,41.70272059,3.04000000
282.81329479,26.10791879,41.71453159,3.05000000
283.32436953,26.13458318,41.72512876,3.06000000
283.83554619,26.16124213,41.73450917,3.07000000
284.34681242,26.18789631,41.74267025,3.08000000
284.85815579,26.21454639,41.74960974,3.09000000
285.36956385,26.24119303,41.75532572,3.10000000
285.88102410,26.26783691,41.75981663,3.11000000
286.39252402,26.29447868,41.76308122,3.12000000
286.90405107,26.32111902,41.76511858,3.13000000
287.41559268,26.34775858,41.76592816,3.14000000
287.92713630,26.37439804,41.76550973,3.15000000
288.43866935,26.40103806,41.76386341,3.16000000
288.95017928,26.42767930,41.76098965,3.17000000
289.46165352,26.45432243,41.75688924,3.18000000
289.97307956,26.48096812,41.75156333,3.19000000
290.48444489,26.50761703,41.74501337,3.20000000
290.99573704,26.53426983,41.73724118,3.21000000
291.50694358,26.56092719,41.72824890,3.22000000
292.01805213,26.58758978,41.71803901,3.23000000
292.52905035,26.61425825,41.70661431,3.24000000
293.03992598,26.64093329,41.69397795,3.25000000
293.55066682,26.66761556,41.68013340,3.26000000
294.06126073,26.69430573,41.66508445,3.27000000
294.57169567,26.72100447,41.64883524,3.28000000
295.08195968,26.74771247,41.63139019,3.29000000
295.59204089,26.77443038,41.61275408,3.30000000
296.10192753,26.80115889,41.59293198,3.31000000
296.61160793,26.82789867,41.57192928,3.32000000
297.12107055,26.85465041,41.54975169,3.33000000
297.63030396,26.88141477,41.52640521,3.34000000
298.13929685,26.90819245,41.50189616,3.35000000
298.64803804,26.93498412,41.47623113,3.36000000
299.15651649,26.96179047,41.44941705,3.37000000
299.66472130,26.98861219,41.42146108,3.38000000
300.17264174,27.01544996,41.39237073,3.39000000
300.68026720,27.04230447,41.36215374,3.40000000
301.18758724,27.06917642,41.33081816,3.41000000
301.69459161,27.09606651,41.29837229,3.42000000
302.20127019,27.12297542,41.26482470,3.43000000
302.70761308,27.14990386,41.23018425,3.44000000
303.21361052,27.17685253,41.19446001,3.45000000
303.71925296,27.20382214,41.15766134,3.46000000
304.22453104,27.23081339,41.11979783,3.47000000
304.72943560,27.25782699,41.08087930,3.48000000
305.23395766,27.28486365,41.04091584,3.49000000
305.73808846,27.31192410,40.99991772,3.50000000
306.24181945,27.33900905,40.95789547,3.51000000
306.74514231,27.36611922,40.91485983,3.52000000
307.24804891,27.39325533,40.87082174,3.53000000
307.75053135,27.42041813,40.82579234,3.54000000
308.25258198,27.44760833,40.77978300,3.55000000
308.75419335,27.47482668,40.73280526,3.56000000
309.25535827,27.50207391,40.68487083,3.57000000
309.75606977,27.52935077,40.63599164,3.58000000
310.25632114,27.55665801,40.58617976,3.59000000
310.75610591,27.58399637,40.53544744,3.60000000
311.25541784,27.61136662,40.48380709,3.61000000
311.75425097,27.63876950,40.43127129,3.62000000
312.25259958,27.66620580,40.37785273,3.63000000
312.75045821,27.69367626,40.32356427,3.64000000
313.24782167,27.72118168,40.26841890,3.65000000
313.74468502,27.74872282,40.21242974,3.66000000
314.24104360,27.77630046,40.15561001,3.67000000
314.73689301,27.80391541,40.09797309,3.68000000
315.23222913,27.83156844,40.03953242,3.69000000
315.72704811,27.85926035,39.98030158,3.70000000
316.22134637,27.88699196,39.92029421,3.71000000
316.71512061,27.91476406,39.85952408,3.72000000
317.20836783,27.94257748,39.79800500,3.73000000
317.70108527,27.97043302,39.73575090,3.74000000
318.19327051,27.99833153,39.67277574,3.75000000
318.68492136,28.02627382,39.60909358,3.76000000
319.17603595,28.05426074,39.54471850,3.77000000
319.66661269,28.08229313,39.47966468,3.78000000
320.15665028,28.11037184,39.41394629,3.79000000
320.64614771,28.13849773,39.34757758,3.80000000
321.13510427,28.16667166,39.28057282,3.81000000
321.62351953,28.19489450,39.21294631,3.82000000
322.11139336,28.22316713,39.14471237,3.83000000
322.59872593,28.25149044,39.07588534,3.84000000
323.08551769,28.27986531,39.00647957,3.85000000
323.57176942,28.30829265,38.93650940,3.86000000
324.05748216,28.33677336,38.86598919,3.87000000
324.54265726,28.36530836,38.79493329,3.88000000
325.02729639,28.39389856,38.72335603,3.89000000
325.51140148,28.42254491,38.65127174,3.90000000
325.99497480,28.45124834,38.57869470,3.91000000
326.47801890,28.48000979,38.50563920,3.92000000
326.96053662,28.50883023,38.43211946,3.93000000
327.44253112,28.53771061,38.35814971,3.94000000
327.92400586,28.56665192,38.28374409,3.95000000
328.40496457,28.59565514,38.20891673,3.96000000
328.88541133,28.62472125,38.13368170,3.97000000
329.36535048,28.65385127,38.05805301,3.98000000
329.84478669,28.68304620,37.98204462,3.99000000
330.32372491,28.71230706,37.90567042,4.00000000
330.80217039,28.74163490,37.82894424,4.01000000
331.28012871,28.77103074,37.75187984,4.02000000
331.75760572,28.80049565,37.67449091,4.03000000
332.23460759,28.83003069,37.59679103,4.04000000
332.71114078,28.85963693,37.51879375,4.05000000
333.18721205,28.88931547,37.44051251,4.06000000
333.66282848,28.91906740,37.36196064,4.07000000
334.13799743,28.94889382,37.28315142,4.08000000
334.61272657,28.97879588,37.20409800,4.09000000
335.08702387,29.00877469,37.12481347,4.10000000
335.56089760,29.03883140,37.04531078,4.11000000
336.03435632,29.06896718,36.96560280,4.12000000
336.50740892,29.09918321,36.88570229,4.13000000
336.98006457,29.12948065,36.80562190,4.14000000
337.45233273,29.15986073,36.72537418,4.15000000
337.92422319,29.19032465,36.64497155,4.16000000
338.39574602,29.22087364,36.56442632,4.17000000
338.86691160,29.25150894,36.48375070,4.18000000
339.33773061,29.28223181,36.40295675,4.19000000
339.80821403,29.31304353,36.32205644,4.20000000
340.27837314,29.34394539,36.24106159,4.21000000
340.74821953,29.37493868,36.15998392,4.22000000
341.21776508,29.40602473,36.07883501,4.23000000
341.68702200,29.43720489,35.99762632,4.24000000
342.15600277,29.46848049,35.91636916,4.25000000
342.62472021,29.49985292,35.83507474,4.26000000
343.09318741,29.53132356,35.75375412,4.27000000
343.56141779,29.56289383,35.67241823,4.28000000
344.02942506,29.59456514,35.59107788,4.29000000
344.49722327,29.62633894,35.50974373,4.30000000
344.96482674,29.65821670,35.42842630,4.31000000
345.43225013,29.69019990,35.34713600,4.32000000
345.89950838,29.72229003,35.26588308,4.33000000
346.36661679,29.75448864,35.18467766,4.34000000
346.83359092,29.78679725,35.10352972,4.35000000
347.30044670,29.81921744,35.02244912,4.36000000
347.76720033,29.85175080,34.94144555,4.37000000
348.23386836,29.88439893,34.86052859,4.38000000
348.70046765,29.91716346,34.77970767,4.39000000
349.16701539,29.95004607,34.69899208,4.40000000
349.63352908,29.98304841,34.61839097,4.41000000
350.10002658,30.01617221,34.53791336,4.42000000
350.56652605,30.04941919,34.45756813,4.43000000
351.03304600,30.08279110,34.37736401,4.44000000
351.49960527,30.11628973,34.29730960,4.45000000
351.96622303,30.14991688,34.21741337,4.46000000
352.43291883,30.18367440,34.13768364,4.47000000
352.89971252,30.21756414,34.05812860,4.48000000
353.36662433,30.25158799,33.97875630,4.49000000
353.83367483,30.28574788,33.89957466,4.50000000
354.30088496,30.32004576,33.82059145,4.51000000
354.76827599,30.35448360,33.74181433,4.52000000
355.23586961,30.38906343,33.66325081,4.53000000
355.70368783,30.42378729,33.58490826,4.54000000
356.17175306,30.45865726,33.50679392,4.55000000
356.64008808,30.49367544,33.42891493,4.56000000
357.10871608,30.52884399,33.35127824,4.57000000
357.57766060,30.56416509,33.27389074,4.58000000
358.04694561,30.59964094,33.19675912,4.59000000
358.51659547,30.63527382,33.11989000,4.60000000
358.98663496,30.67106601,33.04328984,4.61000000
359.45708925,30.70701984,32.96696498,4.62000000
359.92798397,30.74313768,32.89092165,4.63000000
360.39934515,30.77942195,32.81516593,4.64000000
360.87119927,30.81587510,32.73970380,4.65000000
361.34357326,30.85249962,32.66454111,4.66000000
361.81649448,30.88929806,32.58968359,4.67000000
362.28999078,30.92627300,32.51513685,4.68000000
362.76409047,30.96342708,32.44090637,4.69000000
363.23882233,31.00076297,32.36699755,4.70000000
363.71421565,31.03828340,32.29341563,4.71000000
364.19030020,31.07599116,32.22016576,4.72000000
364.66710626,31.11388905,32.14725298,4.73000000
365.14466466,31.15197998,32.07468220,4.74000000
365.62300671,31.19026687,32.00245824,4.75000000
366.10216432,31.22875272,31.93058580,4.76000000
366.58216991,31.26744057,31.85906947,4.77000000
367.06305650,31.30633353,31.78791374,4.78000000
367.54485766,31.34543476,31.71712299,4.79000000
368.02760758,31.38474749,31.64670150,4.80000000
368.51134106,31.42427501,31.57665346,4.81000000
368.99609351,31.46402068,31.50698292,4.82000000
369.48190097,31.50398791,31.43769389,4.83000000
369.96880017,31.54418021,31.36879022,4.84000000
370.45682847,31.58460112,31.30027571,4.85000000
370.94602395,31.62525428,31.23215403,4.86000000
371.43642539,31.66614341,31.16442879,4.87000000
371.92807228,31.70727228,31.09710349,4.88000000
372.42100487,31.74864476,31.03018153,4.89000000
372.91526416,31.79026479,30.96366624,4.90000000
373.41089196,31.83213640,30.89756085,4.91000000
373.90793086,31.87426371,30.83186850,4.92000000
374.40642429,31.91665092,30.76659226,4.93000000
374.90641654,31.95930233,30.70173510,4.94000000
375.40795277,32.00222231,30.63729991,4.95000000
375.91107905,32.04541536,30.57328951,4.96000000
376.41584236,32.08888606,30.50970663,4.97000000
376.92229066,32.13263910,30.44655393,4.98000000
377.43047288,32.17667927,30.38383399,4.99000000
377.94043897,32.22101147,30.32154930,5.00000000
378.45223994,32.26564072,30.25970229,5.01000000
378.96592785,32.31057215,30.19829533,5.02000000
379.48155589,32.35581101,30.13733069,5.03000000
379.99917840,32.40136267,30.07681059,5.04000000
380.51885089,32.44723265,30.01673717,5.05000000
381.04063011,32.49342656,29.95711251,5.06000000
381.56457404,32.53995019,29.89793862,5.07000000
382.09074200,32.58680945,29.83921745,5.08000000
382.61919463,32.63401038,29.78095088,5.09000000
383.14999396,32.68155921,29.72314073,5.10000000
383.68320347,32.72946229,29.66578876,5.11000000
384.21888813,32.77772614,29.60889666,5.12000000
384.75711442,32.82635746,29.55246609,5.13000000
385.29795043,32.87536311,29.49649862,5.14000000
385.84146589,32.92475012,29.44099578,5.15000000
386.38773225,32.97452572,29.38595904,5.16000000
386.93682270,33.02469734,29.33138983,5.17000000
387.48881227,33.07527257,29.27728950,5.18000000
388.04377788,33.12625924,29.22365938,5.19000000
388.60179843,33.17766538,29.17050073,5.20000000
389.16295482,33.22949924,29.11781476,5.21000000
389.72733012,33.28176930,29.06560265,5.22000000
390.29500953,33.33448428,29.01386551,5.23000000
390.86608058,33.38765314,28.96260443,5.24000000
391.44063313,33.44128510,28.91182043,5.25000000
392.01875951,33.49538964,28.86151449,5.26000000
392.60055460,33.54997652,28.81168758,5.27000000
393.18611593,33.60505580,28.76234059,5.28000000
393.77554380,33.66063781,28.71347438,5.29000000
394.36894136,33.71673321,28.66508978,5.30000000
394.96641479,33.77335298,28.61718758,5.31000000
395.56807333,33.83050844,28.56976853,5.32000000
396.17402949,33.88821125,28.52283334,5.33000000
396.78439918,33.94647343,28.47638268,5.34000000
397.39930178,34.00530740,28.43041721,5.35000000
398.01886039,34.06472597,28.38493753,5.36000000
398.64320191,34.12474235,28.33994422,5.37000000
399.27245727,34.18537018,28.29543783,5.38000000
399.90676156,34.24662359,28.25141888,5.39000000
400.54625424,34.30851713,28.20788784,5.40000000
401.19107934,34.37106586,28.16484519,5.41000000
401.84138566,34.43428538,28.12229134,5.42000000
402.49732701,34.49819179,28.08022671,5.43000000
403.15906240,34.56280177,28.03865166,5.44000000
403.82675634,34.62813260,27.99756655,5.45000000
404.50057908,34.69420216,27.95697170,5.46000000
405.18070690,34.76102898,27.91686743,5.47000000
405.86732236,34.82863228,27.87725400,5.48000000
406.56061470,34.89703200,27.83813168,5.49000000
407.26078008,34.96624880,27.79950070,5.50000000
407.96802201,35.03630415,27.76136127,5.51000000
408.68255168,35.10722035,27.72371360,5.52000000
409.40458839,35.17902055,27.68655786,5.53000000
410.13435996,35.25172884,27.64989421,5.54000000
410.87210320,35.32537026,27.61372278,5.55000000
411.61806440,35.39997087,27.57804369,5.56000000
412.37249982,35.47555782,27.54285707,5.57000000
413.13567631,35.55215936,27.50816298,5.58000000
413.90787184,35.62980497,27.47396152,5.59000000
414.68937618,35.70852537,27.44025274,5.60000000
415.48049158,35.78835265,27.40703668,5.61000000
416.28153350,35.86932029,27.37431338,5.62000000
417.09283138,35.95146327,27.34208286,5.63000000
417.91472954,36.03481820,27.31034513,5.64000000
418.74758805,36.11942334,27.27910019,5.65000000
419.59178374,36.20531878,27.24834802,5.66000000
420.44771126,36.29254649,27.21808859,5.67000000
421.31578420,36.38115049,27.18832187,5.68000000
422.19643641,36.47117698,27.15904782,5.69000000
423.09012325,36.56267445,27.13026638,5.70000000
423.99732311,36.65569386,27.10197749,5.71000000
424.91853899,36.75028883,27.07418109,5.72000000
425.85430019,36.84651577,27.04687709,5.73000000
426.80516421,36.94443413,27.02006542,5.74000000
427.77171881,37.04410659,26.99374598,5.75000000
428.75458416,37.14559933,26.96791868,5.76000000
429.75441539,37.24898225,26.94258341,5.77000000
430.77190516,37.35432927,26.91774007,5.78000000
431.80778663,37.46171867,26.89338855,5.79000000
432.86283668,37.57123340,26.86952873,5.80000000
433.93787940,37.68296147,26.84616049,5.81000000
435.03379006,37.79699637,26.82328371,5.82000000
436.15149933,37.91343753,26.80089826,5.83000000
437.29199812,38.03239083,26.77900402,5.84000000
438.45634279,38.15396916,26.75760086,5.85000000
439.64566106,38.27829304,26.73668863,5.86000000
440.86115853,38.40549136,26.71626721,5.87000000
442.10412592,38.53570209,26.69633646,5.88000000
443.37594729,38.66907323,26.67689624,5.89000000
444.67810910,38.80576372,26.65794641,5.90000000
446.01221050,38.94594458,26.63948685,5.91000000
447.37997489,39.08980011,26.62151740,5.92000000
448.78326297,39.23752935,26.60403793,5.93000000
450.22408749,39.38934760,26.58704830,5.94000000
451.70463012,39.54548823,26.57054838,5.95000000
453.22726052,39.70620476,26.55453803,5.96000000
454.79455826,39.87177318,26.53901712,5.97000000
456.40933788,40.04249462,26.52398551,5.98000000
458.07467777,40.21869848,26.50944307,5.99000000
459.79395348,40.40074595,26.49538968,6.00000000
461.57087629,40.58903417,26.48182521,6.01000000
463.40953817,40.78400104,26.46874952,6.02000000
465.31446416,40.98613081,26.45616251,6.03000000
467.29067377,41.19596066,26.44406405,6.04000000
469.34375330,41.41408847,26.43245403,6.05000000
471.47994118,41.64118188,26.42133234,6.06000000
473.70622928,41.87798923,26.41069885,6.07000000
476.03048341,42.12535238,26.40055348,6.08000000
478.46158749,42.38422218,26.39089612,6.09000000
481.00961621,42.65567695,26.38172667,6.10000000
483.68604277,42.94094468,26.37304504,6.11000000
486.50398890,43.24142984,26.36485114,6.12000000
489.47852597,43.55874559,26.35714488,6.13000000
492.62703677,43.89475247,26.34992618,6.14000000
495.96964723,44.25160466,26.34319497,6.15000000
499.52973492,44.63180435,26.33695117,6.16000000
503.33451320,45.03826427,26.33119472,6.17000000
507.41567077,45.47437615,26.32592556,6.18000000
511.81000529,45.94407847,26.32114363,6.19000000
516.55990602,46.45190805,26.31684887,6.20000000
521.71337714,47.00300252,26.31304125,6.21000000
527.32299287,47.60298823,26.30972071,6.22000000
533.44266720,48.25763427,26.30688723,6.23000000
540.12040239,48.97207585,26.30454077,6.24000000
547.38458215,49.74934648,26.30268130,6.25000000
555.22216976,50.58804347,26.30130881,6.26000000
563.55200530,51.47946875,26.30042328,6.27000000
572.20685821,52.40570743,26.30002470,6.28000000
580.94611206,53.34098631,26.30011307,6.29000000
589.50771920,54.25723733,26.30068838,6.30000000
597.67357503,55.13109789,26.30175065,6.31000000
605.30829005,55.94806272,26.30329988,6.32000000
612.35840028,56.70239970,26.30533609,6.33000000
618.82889721,57.39463690,26.30785931,6.34000000
624.75737407,58.02879434,26.31086955,6.35000000
630.19516988,58.61036483,26.31436687,6.36000000
635.19629107,59.14512766,26.31835129,6.37000000
639.81188045,59.63855615,26.32282285,6.38000000
644.08795124,60.09557489,26.32778161,6.39000000
648.06482720,60.52049971,26.33322762,6.40000000
651.77738353,60.91706334,26.33916094,6.41000000
655.25560909,61.28847557,26.34558163,6.42000000
658.52525329,61.63749247,26.35248976,6.43000000
661.60844983,61.96648309,26.35988541,6.44000000
664.52427436,62.27748918,26.36776864,6.45000000
667.28922473,62.57227658,26.37613955,6.46000000
669.91762630,62.85237859,26.38499822,6.47000000
672.42197054,63.11913220,26.39434474,6.48000000
674.81319656,63.37370827,26.40417921,6.49000000
677.10092487,63.61713647,26.41450172,6.50000000
679.29365152,63.85032615,26.42531238,6.51000000
681.39890982,64.07408358,26.43661130,6.52000000
683.42340534,64.28912644,26.44839858,6.53000000
685.37312901,64.49609588,26.46067434,6.54000000
687.25345232,64.69556679,26.47343869,6.55000000
689.06920755,64.88805630,26.48669176,6.56000000
690.82475598,65.07403114,26.50043367,6.57000000
692.52404578,65.25391381,26.51466454,6.58000000
694.17066154,65.42808788,26.52938450,6.59000000
695.76786680,65.59690257,26.54459368,6.60000000
697.31864058,65.76067662,26.56029222,6.61000000
698.82570902,65.91970171,26.57648023,6.62000000
700.29157278,66.07424538,26.59315787,6.63000000
701.71853092,66.22455358,26.61032526,6.64000000
703.10870171,66.37085290,26.62798255,6.65000000
704.46404091,66.51335255,26.64612987,6.66000000
705.78635776,66.65224604,26.66476735,6.67000000
707.07732913,66.78771269,26.68389514,6.68000000
708.33851202,66.91991902,26.70351338,6.69000000
709.57135459,67.04901987,26.72362220,6.70000000
710.77720604,67.17515949,26.74422174,6.71000000
711.95732529,67.29847246,26.76531213,6.72000000
713.11288888,67.41908455,26.78689351,6.73000000
714.24499791,67.53711342,26.80896601,6.74000000
715.35468434,67.65266937,26.83152977,6.75000000
716.44291663,67.76585586,26.85458490,6.76000000
717.51060483,67.87677011,26.87813154,6.77000000
718.55860515,67.98550358,26.90216980,6.78000000
719.58772412,68.09214238,26.92669981,6.79000000
720.59872236,68.19676774,26.95172168,6.80000000
721.59231797,68.29945631,26.97723551,6.81000000
722.56918968,68.40028052,27.00324142,6.82000000
723.52997962,68.49930889,27.02973950,6.83000000
724.47529593,68.59660630,27.05672985,6.84000000
725.40571515,68.69223422,27.08421255,6.85000000
726.32178430,68.78625099,27.11218768,6.86000000
727.22402294,68.87871198,27.14065533,6.87000000
728.11292494,68.96966981,27.16961555,6.88000000
728.98896017,69.05917454,27.19906840,6.89000000
729.85257601,69.14727382,27.22901394,6.90000000
730.70419880,69.23401301,27.25945220,6.91000000
731.54423512,69.31943540,27.29038322,6.92000000
732.37307304,69.40358225,27.32180701,6.93000000
733.19108317,69.48649299,27.35372359,6.94000000
733.99861976,69.56820525,27.38613296,6.95000000
734.79602163,69.64875504,27.41903510,6.96000000
735.58361304,69.72817680,27.45242999,6.97000000
736.36170459,69.80650348,27.48631760,6.98000000
737.13059390,69.88376667,27.52069786,6.99000000
737.89056638,69.95999664,27.55557071,7.00000000
738.64189590,70.03522239,27.59093608,7.01000000
739.38484539,70.10947180,27.62679387,7.02000000
740.11966744,70.18277159,27.66314396,7.03000000
740.84660483,70.25514746,27.69998623,7.04000000
741.56589107,70.32662409,27.73732053,7.05000000
742.27775082,70.39722522,27.77514670,7.06000000
742.98240039,70.46697370,27.81346455,7.07000000
743.68004815,70.53589150,27.85227389,7.08000000
744.37089488,70.60399982,27.89157448,7.09000000
745.05513421,70.67131904,27.93136608,7.10000000
745.73295290,70.73786884,27.97164844,7.11000000
746.40453121,70.80366818,28.01242126,7.12000000
747.07004319,70.86873535,28.05368422,7.13000000
747.72965698,70.93308801,28.09543700,7.14000000
748.38353505,70.99674322,28.13767924,7.15000000
749.03183451,71.05971745,28.18041054,7.16000000
749.67470733,71.12202662,28.22363050,7.17000000
750.31230053,71.18368611,28.26733867,7.18000000
750.94475648,71.24471082,28.31153459,7.19000000
751.57221303,71.30511513,28.35621777,7.20000000
752.19480372,71.36491298,28.40138766,7.21000000
752.81265802,71.42411787,28.44704372,7.22000000
753.42590142,71.48274286,28.49318536,7.23000000
754.03465565,71.54080061,28.53981195,7.24000000
754.63903882,71.59830339,28.58692283,7.25000000
755.23916559,71.65526309,28.63451732,7.26000000
755.83514726,71.71169126,28.68259469,7.27000000
756.42709196,71.76759908,28.73115417,7.28000000
757.01510474,71.82299742,28.78019498,7.29000000
757.59928771,71.87789681,28.82971625,7.30000000
758.17974014,71.93230748,28.87971713,7.31000000
758.75655861,71.98623939,28.93019668,7.32000000
759.32983705,72.03970219,28.98115395,7.33000000
759.89966688,72.09270526,29.03258794,7.34000000
760.46613711,72.14525774,29.08449759,7.35000000
761.02933440,72.19736849,29.13688181,7.36000000
761.58934319,72.24904615,29.18973947,7.37000000
762.14624573,72.30029911,29.24306938,7.38000000
762.70012221,72.35113553,29.29687031,7.39000000
763.25105079,72.40156338,29.35114096,7.40000000
763.79910769,72.45159040,29.40588002,7.41000000
764.34436727,72.50122412,29.46108609,7.42000000
764.88690209,72.55047190,29.51675774,7.43000000
765.42678296,72.59934088,29.57289347,7.44000000
765.96407901,72.64783805,29.62949173,7.45000000
766.49885773,72.69597020,29.68655092,7.46000000
767.03118507,72.74374396,29.74406938,7.47000000
767.56112543,72.79116580,29.80204540,7.48000000
768.08874176,72.83824201,29.86047717,7.49000000
768.61409560,72.88497876,29.91936287,7.50000000
769.13724708,72.93138205,29.97870059,7.51000000
769.65825505,72.97745774,30.03848836,7.52000000
770.17717703,73.02321154,30.09872414,7.53000000
770.69406932,73.06864905,30.15940583,7.54000000
771.20898699,73.11377571,30.22053127,7.55000000
771.72198396,73.15859687,30.28209821,7.56000000
772.23311302,73.20311772,30.34410434,7.57000000
772.74242584,73.24734336,30.40654728,7.58000000
773.24997303,73.29127876,30.46942459,7.59000000
773.75580418,73.33492877,30.53273372,7.60000000
774.25996785,73.37829817,30.59647207,7.61000000
774.76251166,73.42139159,30.66063696,7.62000000
775.26348224,73.46421358,30.72522563,7.63000000
775.76292534,73.50676859,30.79023523,7.64000000
776.26088579,73.54906099,30.85566284,7.65000000
776.75740757,73.59109501,30.92150546,7.66000000
777.25253380,73.63287485,30.98775999,7.67000000
777.74630679,73.67440457,31.05442325,7.68000000
778.23876805,73.71568818,31.12149199,7.69000000
778.72995830,73.75672960,31.18896284,7.70000000
779.21991752,73.79753265,31.25683237,7.71000000
779.70868495,73.83810110,31.32509704,7.72000000
780.19629909,73.87843862,31.39375322,7.73000000
780.68279777,73.91854882,31.46279720,7.74000000
781.16821812,73.95843524,31.53222515,7.75000000
781.65259661,73.99810134,31.60203316,7.76000000
782.13596905,74.03755052,31.67221722,7.77000000
782.61837065,74.07678612,31.74277321,7.78000000
783.09983595,74.11581139,31.81369693,7.79000000
783.58039894,74.15462954,31.88498405,7.80000000
784.06009298,74.19324372,31.95663015,7.81000000
784.53895087,74.23165701,32.02863071,7.82000000
785.01700485,74.26987243,32.10098109,7.83000000
785.49428660,74.30789297,32.17367656,7.84000000
785.97082726,74.34572153,32.24671225,7.85000000
786.44665746,74.38336097,32.32008322,7.86000000
786.92180730,74.42081410,32.39378439,7.87000000
787.39630636,74.45808369,32.46781057,7.88000000
787.87018375,74.49517245,32.54215646,7.89000000
788.34346809,74.53208303,32.61681664,7.90000000
788.81618750,74.56881805,32.69178557,7.91000000
789.28836967,74.60538009,32.76705761,7.92000000
789.76004179,74.64177166,32.84262697,7.93000000
790.23123064,74.67799524,32.91848777,7.94000000
790.70196252,74.71405328,32.99463399,7.95000000
791.17226333,74.74994817,33.07105949,7.96000000
791.64215852,74.78568227,33.14775801,7.97000000
792.11167312,74.82125790,33.22472316,7.98000000
792.58083176,74.85667733,33.30194841,7.99000000
793.04965865,74.89194280,33.37942714,8.00000000
793.51817761,74.92705653,33.45715257,8.01000000
793.98641206,74.96202067,33.53511779,8.02000000
794.45438502,74.99683737,33.61331578,8.03000000
794.92211916,75.03150871,33.69173938,8.04000000
795.38963672,75.06603678,33.77038129,8.05000000
795.85695961,75.10042359,33.84923408,8.06000000
796.32410936,75.13467116,33.92829019,8.07000000
796.79110712,75.16878146,34.00754194,8.08000000
797.25797370,75.20275641,34.08698148,8.09000000
797.72472955,75.23659794,34.16660086,8.10000000
798.19139474,75.27030793,34.24639198,8.11000000
798.65798904,75.30388823,34.32634659,8.12000000
799.12453184,75.33734066,34.40645632,8.13000000
799.59104219,75.37066702,34.48671265,8.14000000
800.05753883,75.40386909,34.56710695,8.15000000
800.52404012,75.43694861,34.64763041,8.16000000
800.99056413,75.46990730,34.72827412,8.17000000
801.45712857,75.50274686,34.80902901,8.18000000
801.92375084,75.53546896,34.88988586,8.19000000
802.39044800,75.56807525,34.97083535,8.20000000
802.85723681,75.60056734,35.05186800,8.21000000
803.32413368,75.63294686,35.13297417,8.22000000
803.79115473,75.66521536,35.21414411,8.23000000
804.25831573,75.69737442,35.29536793,8.24000000
804.72563217,75.72942557,35.37663560,8.25000000
805.19311920,75.76137033,35.45793694,8.26000000
805.66079168,75.79321019,35.53926164,8.27000000
806.12866412,75.82494662,35.62059927,8.28000000
806.59675076,75.85658109,35.70193924,8.29000000
807.06506552,75.88811504,35.78327084,8.30000000
807.53362201,75.91954988,35.86458322,8.31000000
808.00243352,75.95088700,35.94586541,8.32000000
808.47151305,75.98212781,36.02710628,8.33000000
808.94087330,76.01327365,36.10829459,8.34000000
809.41052665,76.04432589,36.18941898,8.35000000
809.88048518,76.07528584,36.27046793,8.36000000
810.35076067,76.10615483,36.35142983,8.37000000
810.82136459,76.13693416,36.43229291,8.38000000
811.29230813,76.16762510,36.51304530,8.39000000
811.76360215,76.19822893,36.59367500,8.40000000
812.23525722,76.22874690,36.67416989,8.41000000
812.70728362,76.25918025,36.75451773,8.42000000
813.17969130,76.28953020,36.83470616,8.43000000
813.65248994,76.31979796,36.91472272,8.44000000
814.12568889,76.34998472,36.99455482,8.45000000
814.59929723,76.38009167,37.07418978,8.46000000
815.07332371,76.41011998,37.15361478,8.47000000
815.54777680,76.44007080,37.23281694,8.48000000
816.02266466,76.46994527,37.31178324,8.49000000
816.49799514,76.49974453,37.39050059,8.50000000
816.97377582,76.52946969,37.46895578,8.51000000
817.45001394,76.55912186,37.54713551,8.52000000
817.92671646,76.58870214,37.62502640,8.53000000
818.40389005,76.61821160,37.70261499,8.54000000
818.88154105,76.64765132,37.77988772,8.55000000
819.35967552,76.67702236,37.85683095,8.56000000
819.83829921,76.70632577,37.93343098,8.57000000
820.31741757,76.73556259,38.00967401,8.58000000
820.79703576,76.76473384,38.08554620,8.59000000
821.27715862,76.79384055,38.16103364,8.60000000
821.75779069,76.82288372,38.23612233,8.61000000
822.23893624,76.85186435,38.31079825,8.62000000
822.72059920,76.88078343,38.38504732,8.63000000
823.20278321,76.90964195,38.45885538,8.64000000
823.68549163,76.93844087,38.53220827,8.65000000
824.16872749,76.96718115,38.60509177,8.66000000
824.65249353,76.99586375,38.67749162,8.67000000
825.13679220,77.02448962,38.74939355,8.68000000
825.62162565,77.05305968,38.82078324,8.69000000
826.10699570,77.08157487,38.89164638,8.70000000
826.59290392,77.11003610,38.96196861,8.71000000
827.07935154,77.13844429,39.03173560,8.72000000
827.56633951,77.16680035,39.10093299,8.73000000
828.05386849,77.19510516,39.16954642,8.74000000
828.54193882,77.22335962,39.23756156,8.75000000
829.03055057,77.25156461,39.30496406,8.76000000
829.51970349,77.27972100,39.37173963,8.77000000
830.00939707,77.30782967,39.43787396,8.78000000
830.49963047,77.33589147,39.50335279,8.79000000
830.99040258,77.36390726,39.56816191,8.80000000
831.48171200,77.39187788,39.63228714,8.81000000
831.97355703,77.41980418,39.69571433,8.82000000
832.46593569,77.44768700,39.75842941,8.83000000
832.95884571,77.47552716,39.82041835,8.84000000
833.45228453,77.50332549,39.88166721,8.85000000
833.94624933,77.53108280,39.94216211,8.86000000
834.44073697,77.55879991,40.00188923,8.87000000
834.93574407,77.58647762,40.06083486,8.88000000
835.43126694,77.61411673,40.11898538,8.89000000
835.92730164,77.64171805,40.17632726,8.90000000
836.42384394,77.66928236,40.23284708,8.91000000
836.92088936,77.69681044,40.28853152,8.92000000
837.41843312,77.72430308,40.34336739,8.93000000
837.91647020,77.75176105,40.39734163,8.94000000
838.41499530,77.77918513,40.45044128,8.95000000
838.91400288,77.80657608,40.50265355,8.96000000
839.41348713,77.83393467,40.55396578,8.97000000
839.91344197,77.86126165,40.60436547,8.98000000
840.41386110,77.88855777,40.65384025,8.99000000
840.91473796,77.91582380,40.70237793,9.00000000
841.41606573,77.94306046,40.74996651,9.01000000
841.91783737,77.97026851,40.79659413,9.02000000
842.42004559,77.99744868,40.84224914,9.03000000
842.92268288,78.02460171,40.88692005,9.04000000
843.42574147,78.05172832,40.93059559,9.05000000
843.92921341,78.07882925,40.97326469,9.06000000
844.43309048,78.10590523,41.01491647,9.07000000
844.93736429,78.13295696,41.05554028,9.08000000
845.44202619,78.15998517,41.09512567,9.09000000
845.94706736,78.18699058,41.13366244,9.10000000
846.45247875,78.21397389,41.17114061,9.11000000
846.95825113,78.24093581,41.20755042,9.12000000
847.46437506,78.26787706,41.24288238,9.13000000
847.97084092,78.29479833,41.27712723,9.14000000
848.47763890,78.32170033,41.31027597,9.15000000
848.98475902,78.34858375,41.34231985,9.16000000
849.49219110,78.37544930,41.37325040,9.17000000
849.99992483,78.40229765,41.40305940,9.18000000
850.50794972,78.42912952,41.43173892,9.19000000
851.01625510,78.45594558,41.45928131,9.20000000
851.52483017,78.48274652,41.48567917,9.21000000
852.03366399,78.50953303,41.51092543,9.22000000
852.54274547,78.53630580,41.53501329,9.23000000
853.05206339,78.56306550,41.55793625,9.24000000
853.56160638,78.58981282,41.57968810,9.25000000
854.07136298,78.61654844,41.60026296,9.26000000
854.58132158,78.64327302,41.61965522,9.27000000
855.09147050,78.66998726,41.63785962,9.28000000
855.60179793,78.69669182,41.65487119,9.29000000
856.11229195,78.72338737,41.67068528,9.30000000
856.62294059,78.75007460,41.68529756,9.31000000
857.13373175,78.77675416,41.69870404,9.32000000
857.64465329,78.80342674,41.71090102,9.33000000
858.15569298,78.83009300,41.72188516,9.34000000
858.66683852,78.85675361,41.73165345,9.35000000
859.17807756,78.88340924,41.74020318,9.36000000
859.68939771,78.91006055,41.74753200,9.37000000
860.20078652,78.93670822,41.75363790,9.38000000
860.71223150,78.96335290,41.75851918,9.39000000
861.22372014,78.98999527,41.76217451,9.40000000
861.73523991,79.01663599,41.76460285,9.41000000
862.24677825,79.04327573,41.76580356,9.42000000
862.75832260,79.06991515,41.76577630,9.43000000
863.26986038,79.09655492,41.76452106,9.44000000
863.78137903,79.12319570,41.76203821,9.45000000
864.29286600,79.14983815,41.75832842,9.46000000
864.80430876,79.17648296,41.75339272,9.47000000
865.31569478,79.20313077,41.74723248,9.48000000
865.82701159,79.22978226,41.73984939,9.49000000
866.33824674,79.25643810,41.73124550,9.50000000
866.84938785,79.28309894,41.72142316,9.51000000
867.36042254,79.30976547,41.71038509,9.52000000
867.87133855,79.33643834,41.69813432,9.53000000
868.38212364,79.36311823,41.68467422,9.54000000
868.89276567,79.38980582,41.67000848,9.55000000
869.40325255,79.41650176,41.65414112,9.56000000
869.91357230,79.44320673,41.63707648,9.57000000
870.42371302,79.46992141,41.61881922,9.58000000
870.93366290,79.49664647,41.59937432,9.59000000
871.44341026,79.52338259,41.57874708,9.60000000
871.95294350,79.55013045,41.55694309,9.61000000
872.46225115,79.57689071,41.53396827,9.62000000
872.97132187,79.60366408,41.50982883,9.63000000
873.48014444,79.63045122,41.48453128,9.64000000
873.98870777,79.65725282,41.45808244,9.65000000
874.49700092,79.68406956,41.43048940,9.66000000
875.00501310,79.71090214,41.40175956,9.67000000
875.51273365,79.73775125,41.37190058,9.68000000
876.02015210,79.76461757,41.34092041,9.69000000
876.52725813,79.79150181,41.30882728,9.70000000
877.03404157,79.81840464,41.27562968,9.71000000
877.54049245,79.84532679,41.24133636,9.72000000
878.04660097,79.87226894,41.20595634,9.73000000
878.55235752,79.89923180,41.16949888,9.74000000
879.05775267,79.92621608,41.13197350,9.75000000
879.56277718,79.95322248,41.09338995,9.76000000
880.06742204,79.98025172,41.05375822,9.77000000
880.57167840,80.00730452,41.01308854,9.78000000
881.07553767,80.03438158,40.97139135,9.79000000
881.57899142,80.06148364,40.92867733,9.80000000
882.08203147,80.08861141,40.88495735,9.81000000
882.58464987,80.11576563,40.84024249,9.82000000
883.08683886,80.14294702,40.79454405,9.83000000
883.58859094,80.17015633,40.74787351,9.84000000
884.08989884,80.19739428,40.70024253,9.85000000
884.59075551,80.22466162,40.65166297,9.86000000
885.09115416,80.25195910,40.60214686,9.87000000
885.59108824,80.27928747,40.55170639,9.88000000
886.09055144,80.30664747,40.50035392,9.89000000
886.58953772,80.33403988,40.44810197,9.90000000
887.08804126,80.36146545,40.39496321,9.91000000
887.58605655,80.38892494,40.34095044,9.92000000
888.08357828,80.41641914,40.28607660,9.93000000
888.58060145,80.44394882,40.23035478,9.94000000
889.07712131,80.47151475,40.17379818,9.95000000
889.57313337,80.49911773,40.11642010,9.96000000
890.06863342,80.52675854,40.05823398,9.97000000
890.56361752,80.55443798,39.99925335,9.98000000
891.05808202,80.58215686,39.93949185,9.99000000
891.55202352,80.60991598,39.87896318,10.00000000
892.04543892,80.63771614,39.81768116,10.01000000
892.53832539,80.66555818,39.75565967,10.02000000
893.03068040,80.69344291,39.69291267,10.03000000
893.52250168,80.72137116,39.62945418,10.04000000
894.01378727,80.74934378,39.56529829,10.05000000
894.50453549,80.77736159,39.50045912,10.06000000
894.99474494,80.80542545,39.43495088,10.07000000
895.48441452,80.83353622,39.36878777,10.08000000
895.97354343,80.86169476,39.30198406,10.09000000
896.46213114,80.88990192,39.23455404,10.10000000
896.95017742,80.91815860,39.16651204,10.11000000
897.43768236,80.94646567,39.09787237,10.12000000
897.92464632,80.97482402,39.02864938,10.13000000
898.41106997,81.00323455,38.95885743,10.14000000
898.89695425,81.03169816,38.88851087,10.15000000
899.38230045,81.06021576,38.81762405,10.16000000
899.86711010,81.08878828,38.74621130,10.17000000
900.35138507,81.11741664,38.67428696,10.18000000
900.83512752,81.14610179,38.60186533,10.19000000
901.31833989,81.17484465,38.52896068,10.20000000
901.80102495,81.20364620,38.45558728,10.21000000
902.28318576,81.23250738,38.38175933,10.22000000
902.76482566,81.26142918,38.30749101,10.23000000
903.24594832,81.29041257,38.23279646,10.24000000
903.72655769,81.31945854,38.15768976,10.25000000
904.20665804,81.34856809,38.08218494,10.26000000
904.68625393,81.37774223,38.00629599,10.27000000
905.16535021,81.40698199,37.93003681,10.28000000
905.64395206,81.43628837,37.85342125,10.29000000
906.12206493,81.46566244,37.77646310,10.30000000
906.59969460,81.49510524,37.69917605,10.31000000
907.07684713,81.52461782,37.62157375,10.32000000
907.55352889,81.55420127,37.54366974,10.33000000
908.02974654,81.58385666,37.46547750,10.34000000
908.50550707,81.61358509,37.38701039,10.35000000
908.98081774,81.64338766,37.30828171,10.36000000
909.45568612,81.67326550,37.22930465,10.37000000
909.93012009,81.70321974,37.15009232,10.38000000
910.40412782,81.73325151,37.07065772,10.39000000
910.87771779,81.76336199,36.99101374,10.40000000
911.35089877,81.79355232,36.91117318,10.41000000
911.82367984,81.82382370,36.83114872,10.42000000
912.29607039,81.85417733,36.75095295,10.43000000
912.76808008,81.88461441,36.67059832,10.44000000
913.23971890,81.91513616,36.59009718,10.45000000
913.71099713,81.94574383,36.50946178,10.46000000
914.18192535,81.97643868,36.42870422,10.47000000
914.65251445,82.00722196,36.34783650,10.48000000
915.12277562,82.03809496,36.26687049,10.49000000
915.59272035,82.06905898,36.18581793,10.50000000
916.06236042,82.10011535,36.10469047,10.51000000
916.53170793,82.13126538,36.02349958,10.52000000
917.00077529,82.16251043,35.94225663,10.53000000
917.46957520,82.19385187,35.86097288,10.54000000
917.93812067,82.22529108,35.77965941,10.55000000
918.40642501,82.25682946,35.69832721,10.56000000
918.87450184,82.28846843,35.61698711,10.57000000
919.34236510,82.32020942,35.53564984,10.58000000
919.81002903,82.35205391,35.45432595,10.59000000
920.27750817,82.38400336,35.37302589,10.60000000
920.74481738,82.41605927,35.29175995,10.61000000
921.21197184,82.44822315,35.21053831,10.62000000
921.67898703,82.48049656,35.12937099,10.63000000
922.14587876,82.51288104,35.04826788,10.64000000
922.61266315,82.54537817,34.96723873,10.65000000
923.07935663,82.57798956,34.88629315,10.66000000
923.54597597,82.61071684,34.80544062,10.67000000
924.01253824,82.64356166,34.72469048,10.68000000
924.47906086,82.67652568,34.64405192,10.69000000
924.94556156,82.70961060,34.56353400,10.70000000
925.41205841,82.74281816,34.48314565,10.71000000
925.87856981,82.77615008,34.40289564,10.72000000
926.34511448,82.80960815,34.32279262,10.73000000
926.81171152,82.84319417,34.24284510,10.74000000
927.27838032,82.87690996,34.16306144,10.75000000
927.74514065,82.91075737,34.08344987,10.76000000
928.21201262,82.94473830,34.00401850,10.77000000
928.67901669,82.97885465,33.92477527,10.78000000
929.14617367,83.01310836,33.84572803,10.79000000
929.61350475,83.04750140,33.76688444,10.80000000
930.08103146,83.08203579,33.68825207,10.81000000
930.54877573,83.11671355,33.60983834,10.82000000
931.01675982,83.15153674,33.53165053,10.83000000
931.48500641,83.18650748,33.45369581,10.84000000
931.95353855,83.22162790,33.37598119,10.85000000
932.42237966,83.25690017,33.29851358,10.86000000
932.89155359,83.29232648,33.22129973,10.87000000
933.36108457,83.32790910,33.14434629,10.88000000
933.83099724,83.36365029,33.06765976,10.89000000
934.30131664,83.39955238,32.99124653,10.90000000
934.77206827,83.43561772,32.91511286,10.91000000
935.24327801,83.47184871,32.83926487,10.92000000
935.71497222,83.50824779,32.76370858,10.93000000
936.18717766,83.54481746,32.68844989,10.94000000
936.65992157,83.58156022,32.61349454,10.95000000
937.13323164,83.61847866,32.53884821,10.96000000
937.60713603,83.65557539,32.46451640,10.97000000
938.08166337,83.69285307,32.39050455,10.98000000
938.55684279,83.73031442,32.31681793,10.99000000
939.03270389,83.76796220,32.24346175,11.00000000
939.50927682,83.80579922,32.17044105,11.01000000
939.98659219,83.84382835,32.09776081,11.02000000
940.46468120,83.88205250,32.02542586,11.03000000
940.94357553,83.92047464,31.95344094,11.04000000
941.42330746,83.95909782,31.88181069,11.05000000
941.90390980,83.99792510,31.81053962,11.06000000
942.38541596,84.03695964,31.73963214,11.07000000
942.86785993,84.07620465,31.66909257,11.08000000
943.35127630,84.11566339,31.59892513,11.09000000
943.83570029,84.15533920,31.52913391,11.10000000
944.32116775,84.19523549,31.45972293,11.11000000
944.80771517,84.23535571,31.39069610,11.12000000
945.29537972,84.27570341,31.32205722,11.13000000
945.78419925,84.31628220,31.25381002,11.14000000
946.27421230,84.35709575,31.18595812,11.15000000
946.76545814,84.39814784,31.11850505,11.16000000
947.25797678,84.43944230,31.05145425,11.17000000
947.75180898,84.48098304,30.98480907,11.18000000
948.24699628,84.52277408,30.91857277,11.19000000
948.74358103,84.56481949,30.85274851,11.20000000
949.24160638,84.60712345,30.78733940,11.21000000
949.74111635,84.64969023,30.72234843,11.22000000
950.24215582,84.69252418,30.65777852,11.23000000
950.74477056,84.73562976,30.59363252,11.24000000
951.24900727,84.77901152,30.52991317,11.25000000
951.75491358,84.82267411,30.46662316,11.26000000
952.26253812,84.86662229,30.40376509,11.27000000
952.77193052,84.91086093,30.34134149,11.28000000
953.28314142,84.95539501,30.27935482,11.29000000
953.79622256,85.00022962,30.21780743,11.30000000
954.31122677,85.04536998,30.15670166,11.31000000
954.82820801,85.09082141,30.09603972,11.32000000
955.34722142,85.13658939,30.03582379,11.33000000
955.86832335,85.18267950,29.97605597,11.34000000
956.39157138,85.22909747,29.91673828,11.35000000
956.91702440,85.27584917,29.85787270,11.36000000
957.44474263,85.32294060,29.79946112,11.37000000
957.97478764,85.37037793,29.74150539,11.38000000
958.50722246,85.41816747,29.68400729,11.39000000
959.04211156,85.46631569,29.62696853,11.40000000
959.57952095,85.51482922,29.57039077,11.41000000
960.11951820,85.56371488,29.51427562,11.42000000
960.66217250,85.61297964,29.45862462,11.43000000
961.20755476,85.66263067,29.40343926,11.44000000
961.75573759,85.71267532,29.34872097,11.45000000
962.30679544,85.76312115,29.29447115,11.46000000
962.86080463,85.81397591,29.24069111,11.47000000
963.41784340,85.86524755,29.18738215,11.48000000
963.97799202,85.91694426,29.13454549,11.49000000
964.54133285,85.96907444,29.08218231,11.50000000
965.10795042,86.02164674,29.03029376,11.51000000
965.67793149,86.07467003,28.97888093,11.52000000
966.25136517,86.12815346,28.92794485,11.53000000
966.82834300,86.18210642,28.87748653,11.54000000
967.40895904,86.23653859,28.82750694,11.55000000
967.99330995,86.29145992,28.77800698,11.56000000
968.58149515,86.34688065,28.72898753,11.57000000
969.17361687,86.40281134,28.68044944,11.58000000
969.76978030,86.45926288,28.63239350,11.59000000
970.37009370,86.51624645,28.58482047,11.60000000
970.97466852,86.57377363,28.53773108,11.61000000
971.58361958,86.63185630,28.49112601,11.62000000
972.19706513,86.69050677,28.44500593,11.63000000
972.81512706,86.74973771,28.39937144,11.64000000
973.43793107,86.80956221,28.35422315,11.65000000
974.06560676,86.86999377,28.30956161,11.66000000
974.69828788,86.93104635,28.26538733,11.67000000
975.33611249,86.99273438,28.22170083,11.68000000
975.97922314,87.05507275,28.17850256,11.69000000
976.62776707,87.11807688,28.13579297,11.70000000
977.28189648,87.18176271,28.09357246,11.71000000
977.94176870,87.24614673,28.05184143,11.72000000
978.60754647,87.31124604,28.01060022,11.73000000
979.27939816,87.37707831,27.96984918,11.74000000
979.95749811,87.44366187,27.92958861,11.75000000
980.64202684,87.51101571,27.88981880,11.76000000
981.33317144,87.57915953,27.85054002,11.77000000
982.03112581,87.64811378,27.81175251,11.78000000
982.73609110,87.71789965,27.77345649,11.79000000
983.44827599,87.78853917,27.73565216,11.80000000
984.16789717,87.86005522,27.69833971,11.81000000
984.89517969,87.93247158,27.66151929,11.82000000
985.63035744,88.00581299,27.62519106,11.83000000
986.37367363,88.08010518,27.58935513,11.84000000
987.12538131,88.15537493,27.55401163,11.85000000
987.88574387,88.23165015,27.51916065,11.86000000
988.65503569,88.30895992,27.48480227,11.87000000
989.43354269,88.38733455,27.45093654,11.88000000
990.22156308,88.46680569,27.41756353,11.89000000
991.01940802,88.54740637,27.38468327,11.90000000
991.82740242,88.62917108,27.35229579,11.91000000
992.64588576,88.71213589,27.32040109,11.92000000
993.47521298,88.79633854,27.28899918,11.93000000
994.31575547,88.88181851,27.25809005,11.94000000
995.16790208,88.96861717,27.22767367,11.95000000
996.03206024,89.05677788,27.19775001,11.96000000
996.90865720,89.14634611,27.16831903,11.97000000
997.79814131,89.23736962,27.13938069,11.98000000
998.70098348,89.32989856,27.11093492,11.99000000
999.61767866,89.42398568,27.08298165,12.00000000
1000.54874761,89.51968648,27.05552082,12.01000000
1001.49473862,89.61705942,27.02855233,12.02000000
1002.45622956,89.71616614,27.00207611,12.03000000
1003.43383006,89.81707166,26.97609206,12.04000000
1004.42818380,89.91984467,26.95060007,12.05000000
1005.43997121,90.02455779,26.92560005,12.06000000
1006.46991219,90.13128786,26.90109188,12.07000000
1007.51876934,90.24011630,26.87707545,12.08000000
1008.58735131,90.35112947,26.85355064,12.09000000
1009.67651661,90.46441908,26.83051733,12.10000000
1010.78717778,90.58008260,26.80797540,12.11000000
1011.92030599,90.69822380,26.78592471,12.12000000
1013.07693615,90.81895327,26.76436513,12.13000000
1014.25817257,90.94238904,26.74329654,12.14000000
1015.46519528,91.06865724,26.72271880,12.15000000
1016.69926706,91.19789286,26.70263177,12.16000000
1017.96174130,91.33024060,26.68303531,12.17000000
1019.25407078,91.46585581,26.66392930,12.18000000
1020.57781757,91.60490554,26.64531358,12.19000000
1021.93466414,91.74756971,26.62718803,12.20000000
1023.32642595,91.89404250,26.60955250,12.21000000
1024.75506559,92.04453384,26.59240686,12.22000000
1026.22270897,92.19927115,26.57575097,12.23000000
1027.73166364,92.35850128,26.55958469,12.24000000
1029.28443973,92.52249280,26.54390789,12.25000000
1030.88377402,92.69153851,26.52872044,12.26000000
1032.53265744,92.86595844,26.51402220,12.27000000
1034.23436698,93.04610324,26.49981305,12.28000000
1035.99250243,93.23235811,26.48609285,12.29000000
1037.81102921,93.42514740,26.47286149,12.30000000
1039.69432818,93.62493993,26.46011883,12.31000000
1041.64725407,93.83225525,26.44786477,12.32000000
1043.67520406,94.04767096,26.43609917,12.33000000
1045.78419869,94.27183143,26.42482194,12.34000000
1047.98097773,94.50545796,26.41403296,12.35000000
1050.27311420,94.74936111,26.40373213,12.36000000
1052.66915045,95.00445514,26.39391933,12.37000000
1055.17876114,95.27177555,26.38459448,12.38000000
1057.81294905,95.55250001,26.37575747,12.39000000
1060.58428073,95.84797353,26.36740822,12.40000000
1063.50717037,96.15973894,26.35954664,12.41000000
1066.59822117,96.48957335,26.35217264,12.42000000
1069.87663380,96.83953187,26.34528616,12.43000000
1073.36469015,97.21199945,26.33888711,12.44000000
1077.08831428,97.60975082,26.33297544,12.45000000
1081.07769840,98.03601754,26.32755107,12.46000000
1085.36794899,98.49455710,26.32261394,12.47000000
1089.99964110,98.98971222,26.31816401,12.48000000
1095.01903616,99.52643404,26.31420122,12.49000000
1100.47746955,100.11021648,26.31072554,12.50000000
1106.42897844,100.74684208,26.30773692,12.51000000
1112.92457721,101.44176885,26.30523533,12.52000000
1120.00087395,102.19891128,26.30322075,12.53000000
1127.66084649,103.01858179,26.30169314,12.54000000
1135.84780924,103.89470324,26.30065250,12.55000000
1144.42245917,104.81235129,26.30009881,12.56000000
1153.16361522,105.74783392,26.30003207,12.57000000
1161.80873496,106.67303007,26.30045228,12.58000000
1170.11960844,107.56242425,26.30135943,12.59000000
1177.93285816,108.39851414,26.30275355,12.60000000
1185.17087076,109.17298148,26.30463464,12.61000000
1191.82300985,109.88468064,26.30700272,12.62000000
1197.91893328,110.53678161,26.30985784,12.63000000
1203.50713997,111.13447282,26.31320000,12.64000000
1208.64160029,111.68352943,26.31702926,12.65000000
1213.37473244,112.18956112,26.32134564,12.66000000
1217.75430242,112.65768003,26.32614921,12.67000000
1221.82244567,113.09239583,26.33144001,12.68000000
1225.61572083,113.49762142,26.33721810,12.69000000
1229.16560400,113.87672577,26.34348354,12.70000000
1232.49912491,114.23260196,26.35023640,12.71000000
1235.63950487,114.56773546,26.35747675,12.72000000
1238.60673777,114.88426630,26.36520466,12.73000000
1241.41809514,115.18404313,26.37342022,12.74000000
1244.08855460,115.46866907,26.38212352,12.75000000
1246.63115868,115.73954010,26.39131463,12.76000000
1249.05731351,115.99787705,26.40099366,12.77000000
1251.37703678,116.24475213,26.41116071,12.78000000
1253.59916376,116.48111099,26.42181587,12.79000000
1255.73151860,116.70779102,26.43295925,12.80000000
1257.78105729,116.92553672,26.44459096,12.81000000
1259.75398729,117.13501242,26.45671111,12.82000000
1261.65586803,117.33681312,26.46931982,12.83000000
1263.49169561,117.53147350,26.48241720,12.84000000
1265.26597460,117.71947561,26.49600339,12.85000000
1266.98277902,117.90125543,26.51007849,12.86000000
1268.64580434,118.07720841,26.52464265,12.87000000
1270.25841214,118.24769425,26.53969599,12.88000000
1271.82366842,118.41304101,26.55523863,12.89000000
1273.34437669,118.57354866,26.57127072,12.90000000
1274.82310671,118.72949212,26.58779238,12.91000000
1276.26221934,118.88112397,26.60480376,12.92000000
1277.66388836,119.02867674,26.62230498,12.93000000
1279.03011943,119.17236499,26.64029619,12.94000000
1280.36276687,119.31238703,26.65877753,12.95000000
1281.66354826,119.44892658,26.67774913,12.96000000
1282.93405754,119.58215409,26.69721113,12.97000000
1284.17577641,119.71222798,26.71716367,12.98000000
1285.39008458,119.83929580,26.73760688,12.99000000
1286.57826885,119.96349509,26.75854091,13.00000000
1287.74153119,120.08495434,26.77996588,13.01000000
1288.88099604,120.20379374,26.80188193,13.02000000
1289.99771672,120.32012585,26.82428919,13.03000000
1291.09268136,120.43405625,26.84718779,13.04000000
1292.16681807,120.54568408,26.87057786,13.05000000
1293.22099976,120.65510260,26.89445951,13.06000000
1294.25604834,120.76239958,26.91883287,13.07000000
1295.27273869,120.86765776,26.94369805,13.08000000
1296.27180209,120.97095519,26.96905517,13.09000000
1297.25392949,121.07236564,26.99490433,13.10000000
1298.21977439,121.17195884,27.02124562,13.11000000
1299.16995549,121.26980078,27.04807916,13.12000000
1300.10505915,121.36595401,27.07540502,13.13000000
1301.02564158,121.46047783,27.10322329,13.14000000
1301.93223087,121.55342854,27.13153405,13.15000000
1302.82532889,121.64485962,27.16033736,13.16000000
1303.70541298,121.73482193,27.18963329,13.17000000
1304.57293753,121.82336385,27.21942189,13.18000000
1305.42833543,121.91053148,27.24970320,13.19000000
1306.27201942,121.99636874,27.28047725,13.20000000
1307.10438334,122.08091753,27.31174408,13.21000000
1307.92580324,122.16421783,27.34350370,13.22000000
1308.73663849,122.24630786,27.37575610,13.23000000
1309.53723270,122.32722413,27.40850128,13.24000000
1310.32791470,122.40700155,27.44173922,13.25000000
1311.10899934,122.48567356,27.47546988,13.26000000
1311.88078830,122.56327216,27.50969322,13.27000000
1312.64357080,122.63982803,27.54440918,13.28000000
1313.39762432,122.71537058,27.57961768,13.29000000
1314.14321521,122.78992803,27.61531862,13.30000000
1314.88059929,122.86352746,27.65151192,13.31000000
1315.61002242,122.93619490,27.68819743,13.32000000
1316.33172099,123.00795534,27.72537502,13.33000000
1317.04592243,123.07883283,27.76304453,13.34000000
1317.75284569,123.14885048,27.80120579,13.35000000
1318.45270159,123.21803054,27.83985859,13.36000000
1319.14569331,123.28639446,27.87900273,13.37000000
1319.83201671,123.35396286,27.91863796,13.38000000
1320.51186070,123.42075565,27.95876403,13.39000000
1321.18540758,123.48679202,27.99938065,13.40000000
1321.85283335,123.55209046,28.04048752,13.41000000
1322.51430799,123.61666884,28.08208432,13.42000000
1323.16999576,123.68054439,28.12417069,13.43000000
1323.82005545,123.74373378,28.16674625,13.44000000
1324.46464063,123.80625310,28.20981060,13.45000000
1325.10389988,123.86811789,28.25336332,13.46000000
1325.73797703,123.92934321,28.29740393,13.47000000
1326.36701134,123.98994360,28.34193195,13.48000000
1326.99113772,124.04993314,28.38694687,13.49000000
1327.61048690,124.10932547,28.43244813,13.50000000
1328.22518562,124.16813378,28.47843516,13.51000000
1328.83535680,124.22637087,28.52490735,13.52000000
1329.44111969,124.28404911,28.57186404,13.53000000
1330.04259002,124.34118054,28.61930457,13.54000000
1330.63988014,124.39777679,28.66722821,13.55000000
1331.23309919,124.45384916,28.71563421,13.56000000
1331.82235319,124.50940862,28.76452179,13.57000000
1332.40774516,124.56446581,28.81389011,13.58000000
1332.98937528,124.61903107,28.86373832,13.59000000
1333.56734096,124.67311442,28.91406550,13.60000000
1334.14173696,124.72672561,28.96487071,13.61000000
1334.71265551,124.77987412,29.01615296,13.62000000
1335.28018636,124.83256915,29.06791121,13.63000000
1335.84441691,124.88481966,29.12014439,13.64000000
1336.40543231,124.93663435,29.17285137,13.65000000
1336.96331549,124.98802168,29.22603099,13.66000000
1337.51814728,125.03898992,29.27968201,13.67000000
1338.07000649,125.08954706,29.33380319,13.68000000
1338.61896995,125.13970093,29.38839320,13.69000000
1339.16511260,125.18945912,29.44345066,13.70000000
1339.70850758,125.23882905,29.49897417,13.71000000
1340.24922623,125.28781792,29.55496224,13.72000000
1340.78733822,125.33643278,29.61141334,13.73000000
1341.32291156,125.38468047,29.66832589,13.74000000
1341.85601267,125.43256768,29.72569824,13.75000000
1342.38670646,125.48010092,29.78352870,13.76000000
1342.91505632,125.52728655,29.84181550,13.77000000
1343.44112424,125.57413077,29.90055682,13.78000000
1343.96497080,125.62063964,29.95975076,13.79000000
1344.48665523,125.66681905,30.01939539,13.80000000
1345.00623550,125.71267477,30.07948869,13.81000000
1345.52376827,125.75821242,30.14002858,13.82000000
1346.03930901,125.80343752,30.20101291,13.83000000
1346.55291200,125.84835542,30.26243947,13.84000000
1347.06463039,125.89297137,30.32430596,13.85000000
1347.57451619,125.93729050,30.38661003,13.86000000
1348.08262036,125.98131781,30.44934924,13.87000000
1348.58899280,126.02505821,30.51252110,13.88000000
1349.09368240,126.06851648,30.57612302,13.89000000
1349.59673708,126.11169731,30.64015234,13.90000000
1350.09820377,126.15460527,30.70460633,13.91000000
1350.59812851,126.19724485,30.76948216,13.92000000
1351.09655642,126.23962043,30.83477695,13.93000000
1351.59353174,126.28173630,30.90048771,13.94000000
1352.08909787,126.32359665,30.96661137,13.95000000
1352.58329736,126.36520561,31.03314479,13.96000000
1353.07617199,126.40656718,31.10008473,13.97000000
1353.56776273,126.44768533,31.16742787,13.98000000
1354.05810977,126.48856389,31.23517078,13.99000000
1354.54725261,126.52920666,31.30330998,14.00000000
1355.03522997,126.56961735,31.37184185,14.01000000
1355.52207989,126.60979957,31.44076271,14.02000000
1356.00783973,126.64975689,31.51006878,14.03000000
1356.49254617,126.68949280,31.57975616,14.04000000
1356.97623522,126.72901071,31.64982088,14.05000000
1357.45894228,126.76831398,31.72025885,14.06000000
1357.94070211,126.80740590,31.79106590,14.07000000
1358.42154886,126.84628968,31.86223773,14.08000000
1358.90151610,126.88496849,31.93376997,14.09000000
1359.38063681,126.92344544,32.00565813,14.10000000
1359.85894339,126.96172357,32.07789759,14.11000000
1360.33646771,126.99980586,32.15048366,14.12000000
1360.81324109,127.03769525,32.22341151,14.13000000
1361.28929430,127.07539463,32.29667624,14.14000000
1361.76465762,127.11290681,32.37027278,14.15000000
1362.23936079,127.15023456,32.44419600,14.16000000
1362.71343307,127.18738063,32.51844064,14.17000000
1363.18690324,127.22434768,32.59300130,14.18000000
1363.65979957,127.26113834,32.66787249,14.19000000
1364.13214989,127.29775520,32.74304860,14.20000000
1364.60398156,127.33420080,32.81852389,14.21000000
1365.07532146,127.37047763,32.89429251,14.22000000
1365.54619608,127.40658813,32.97034848,14.23000000
1366.01663141,127.44253474,33.04668569,14.24000000
1366.48665306,127.47831980,33.12329793,14.25000000
1366.95628620,127.51394565,33.20017885,14.26000000
1367.42555558,127.54941459,33.27732197,14.27000000
1367.89448554,127.58472887,33.35472069,14.28000000
1368.36310002,127.61989069,33.43236827,14.29000000
1368.83142258,127.65490225,33.51025787,14.30000000
1369.29947636,127.68976568,33.58838249,14.31000000
1369.76728413,127.72448310,33.66673501,14.32000000
1370.23486828,127.75905658,33.74530818,14.33000000
1370.70225083,127.79348817,33.82409461,14.34000000
1371.16945342,127.82777988,33.90308679,14.35000000
1371.63649732,127.86193369,33.98227707,14.36000000
1372.10340345,127.89595154,34.06165765,14.37000000
1372.57019237,127.92983537,34.14122062,14.38000000
1373.03688428,127.96358705,34.22095792,14.39000000
1373.50349904,127.99720846,34.30086135,14.40000000
1373.97005615,128.03070143,34.38092259,14.41000000
1374.43657480,128.06406775,34.46113316,14.42000000
1374.90307379,128.09730922,34.54148445,14.43000000
1375.36957162,128.13042759,34.62196774,14.44000000
1375.83608645,128.16342458,34.70257412,14.45000000
1376.30263611,128.19630191,34.78329458,14.46000000
1376.76923809,128.22906124,34.86411997,14.47000000
1377.23590957,128.26170424,34.94504098,14.48000000
1377.70266739,128.29423253,35.02604817,14.49000000
1378.16952807,128.32664774,35.10713197,14.50000000
1378.63650784,128.35895143,35.18828267,14.51000000
1379.10362257,128.39114519,35.26949041,14.52000000
1379.57088784,128.42323054,35.35074521,14.53000000
1380.03831890,128.45520902,35.43203693,14.54000000
1380.50593071,128.48708213,35.51335532,14.55000000
1380.97373790,128.51885135,35.59468998,14.56000000
1381.44175479,128.55051815,35.67603036,14.57000000
1381.90999540,128.58208396,35.75736580,14.58000000
1382.37847343,128.61355021,35.83868548,14.59000000
1382.84720228,128.64491831,35.91997849,14.60000000
1383.31619505,128.67618965,36.00123373,14.61000000
1383.78546452,128.70736559,36.08244001,14.62000000
1384.25502318,128.73844750,36.16358601,14.63000000
1384.72488321,128.76943671,36.24466024,14.64000000
1385.19505647,128.80033453,36.32565114,14.65000000
1385.66555456,128.83114228,36.40654698,14.66000000
1386.13638872,128.86186124,36.48733593,14.67000000
1386.60756994,128.89249268,36.56800602,14.68000000
1387.07910888,128.92303786,36.64854517,14.69000000
1387.55101590,128.95349803,36.72894119,14.70000000
1388.02330107,128.98387441,36.80918174,14.71000000
1388.49597414,129.01416822,36.88925441,14.72000000
1388.96904459,129.04438065,36.96914664,14.73000000
1389.44252156,129.07451290,37.04884577,14.74000000
1389.91641391,129.10456613,37.12833905,14.75000000
1390.39073022,129.13454151,37.20761360,14.76000000
1390.86547872,129.16444018,37.28665644,14.77000000
1391.34066738,129.19426327,37.36545452,14.78000000
1391.81630385,129.22401192,37.44399465,14.79000000
1392.29239549,129.25368722,37.52226357,14.80000000
1392.76894936,129.28329028,37.60024793,14.81000000
1393.24597219,129.31282218,37.67793428,14.82000000
1393.72347045,129.34228400,37.75530909,14.83000000
1394.20145028,129.37167680,37.83235876,14.84000000
1394.67991753,129.40100164,37.90906960,14.85000000
1395.15887775,129.43025955,37.98542785,14.86000000
1395.63833619,129.45945158,38.06141968,14.87000000
1396.11829778,129.48857874,38.13703118,14.88000000
1396.59876719,129.51764204,38.21224841,14.89000000
1397.07974873,129.54664248,38.28705733,14.90000000
1397.56124647,129.57558106,38.36144390,14.91000000
1398.04326414,129.60445877,38.43539397,14.92000000
1398.52580517,129.63327656,38.50889339,14.93000000
1399.00887271,129.66203542,38.58192795,14.94000000
1399.49246959,129.69073629,38.65448341,14.95000000
1399.97659836,129.71938013,38.72654549,14.96000000
1400.46126125,129.74796786,38.79809990,14.97000000
1400.94646020,129.77650043,38.86913232,14.98000000
1401.43219684,129.80497875,38.93962840,14.99000000
1401.91847253,129.83340374,39.00957381,15.00000000
1402.40528830,129.86177630,39.07895419,15.01000000
1402.89264489,129.89009734,39.14775519,15.02000000
1403.38054276,129.91836774,39.21596245,15.03000000
1403.86898207,129.94658839,39.28356166,15.04000000
1404.35796265,129.97476017,39.35053847,15.05000000
1404.84748409,130.00288395,39.41687860,15.06000000
1405.33754565,130.03096058,39.48256778,15.07000000
1405.82814631,130.05899093,39.54759177,15.08000000
1406.31928475,130.08697585,39.61193637,15.09000000
1406.81095937,130.11491618,39.67558744,15.10000000
1407.30316828,130.14281276,39.73853087,15.11000000
1407.79590931,130.17066642,39.80075263,15.12000000
1408.28917999,130.19847798,39.86223874,15.13000000
1408.78297757,130.22624827,39.92297530,15.14000000
1409.27729902,130.25397810,39.98294847,15.15000000
1409.77214104,130.28166827,40.04214451,15.16000000
1410.26750004,130.30931959,40.10054978,15.17000000
1410.76337216,130.33693286,40.15815069,15.18000000
1411.25975325,130.36450887,40.21493381,15.19000000
1411.75663891,130.39204841,40.27088579,15.20000000
1412.25402446,130.41955225,40.32599338,15.21000000
1412.75190497,130.44702119,40.38024348,15.22000000
1413.25027521,130.47445598,40.43362311,15.23000000
1413.74912973,130.50185740,40.48611942,15.24000000
1414.24846278,130.52922621,40.53771971,15.25000000
1414.74826840,130.55656318,40.58841142,15.26000000
1415.24854034,130.58386905,40.63818214,15.27000000
1415.74927213,130.61114458,40.68701963,15.28000000
1416.25045702,130.63839051,40.73491182,15.29000000
1416.75208806,130.66560759,40.78184681,15.30000000
1417.25415802,130.69279657,40.82781288,15.31000000
1417.75665946,130.71995816,40.87279849,15.32000000
1418.25958471,130.74709311,40.91679230,15.33000000
1418.76292587,130.77420214,40.95978317,15.34000000
1419.26667480,130.80128599,41.00176017,15.35000000
1419.77082316,130.82834536,41.04271256,15.36000000
1420.27536239,130.85538099,41.08262984,15.37000000
1420.78028372,130.88239358,41.12150172,15.38000000
1421.28557818,130.90938386,41.15931816,15.39000000
1421.79123659,130.93635252,41.19606931,15.40000000
1422.29724957,130.96330027,41.23174562,15.41000000
1422.80360757,130.99022783,41.26633773,15.42000000
1423.31030084,131.01713589,41.29983658,15.43000000
1423.81731944,131.04402516,41.33223332,15.44000000
1424.32465327,131.07089632,41.36351941,15.45000000
1424.83229205,131.09775008,41.39368653,15.46000000
1425.34022533,131.12458712,41.42272667,15.47000000
1425.84844253,131.15140814,41.45063208,15.48000000
1426.35693288,131.17821382,41.47739530,15.49000000
1426.86568548,131.20500486,41.50300913,15.50000000
1427.37468929,131.23178193,41.52746669,15.51000000
1427.88393312,131.25854572,41.55076139,15.52000000
1428.39340565,131.28529691,41.57288694,15.53000000
1428.90309546,131.31203618,41.59383732,15.54000000
1429.41299099,131.33876420,41.61360687,15.55000000
1429.92308057,131.36548166,41.63219019,15.56000000
1430.43335242,131.39218923,41.64958223,15.57000000
1430.94379467,131.41888758,41.66577824,15.58000000
1431.45439537,131.44557738,41.68077379,15.59000000
1431.96514245,131.47225932,41.69456476,15.60000000
1432.47602378,131.49893405,41.70714739,15.61000000
1432.98702717,131.52560225,41.71851820,15.62000000
1433.49814033,131.55226459,41.72867408,15.63000000
1434.00935093,131.57892173,41.73761223,15.64000000
1434.52064659,131.60557434,41.74533019,15.65000000
1435.03201488,131.63222310,41.75182582,15.66000000
1435.54344333,131.65886866,41.75709735,15.67000000
1436.05491943,131.68551169,41.76114330,15.68000000
1436.56643064,131.71215287,41.76396257,15.69000000
1437.07796443,131.73879285,41.76555437,15.70000000
1437.58950823,131.76543229,41.76591826,15.71000000
1438.10104946,131.79207188,41.76505415,15.72000000
1438.61257557,131.81871226,41.76296228,15.73000000
1439.12407400,131.84535412,41.75964321,15.74000000
1439.63553219,131.87199810,41.75509787,15.75000000
1440.14693764,131.89864488,41.74932752,15.76000000
1440.65827785,131.92529513,41.74233374,15.77000000
1441.16954037,131.95194951,41.73411846,15.78000000
1441.68071277,131.97860868,41.72468396,15.79000000
1442.19178270,132.00527333,41.71403282,15.80000000
1442.70273784,132.03194411,41.70216799,15.81000000
1443.21356596,132.05862169,41.68909271,15.82000000
1443.72425487,132.08530675,41.67481058,15.83000000
1444.23479247,132.11199996,41.65932552,15.84000000
1444.74516675,132.13870198,41.64264176,15.85000000
1445.25536578,132.16541350,41.62476386,15.86000000
1445.76537773,132.19213518,41.60569670,15.87000000
1446.27519086,132.21886770,41.58544548,15.88000000
1446.78479355,132.24561174,41.56401569,15.89000000
1447.29417430,132.27236798,41.54141316,15.90000000
1447.80332171,132.29913710,41.51764399,15.91000000
1448.31222453,132.32591978,41.49271461,15.92000000
1448.82087163,132.35271670,41.46663174,15.93000000
1449.32925202,132.37952855,41.43940237,15.94000000
1449.83735486,132.40635601,41.41103382,15.95000000
1450.34516946,132.43319978,41.38153365,15.96000000
1450.85268526,132.46006054,41.35090974,15.97000000
1451.35989192,132.48693899,41.31917021,15.98000000
1451.86677920,132.51383583,41.28632348,15.99000000
1452.37333709,132.54075175,41.25237822,16.00000000
1452.87955571,132.56768745,41.21734335,16.01000000
1453.38542541,132.59464364,41.18122807,16.02000000
1453.89093668,132.62162101,41.14404180,16.03000000
1454.39608024,132.64862029,41.10579424,16.04000000
1454.90084700,132.67564218,41.06649529,16.05000000
1455.40522806,132.70268740,41.02615510,16.06000000
1455.90921473,132.72975665,40.98478406,16.07000000
1456.41279855,132.75685067,40.94239276,16.08000000
1456.91597126,132.78397017,40.89899202,16.09000000
1457.41872481,132.81111589,40.85459284,16.10000000
1457.92105141,132.83828855,40.80920647,16.11000000
1458.42294346,132.86548888,40.76284431,16.12000000
1458.92439362,132.89271762,40.71551798,16.13000000
1459.42539477,132.91997552,40.66723928,16.14000000
1459.92594004,132.94726332,40.61802017,16.15000000
1460.42602279,132.97458177,40.56787280,16.16000000
1460.92563665,133.00193162,40.51680948,16.17000000
1461.42477549,133.02931362,40.46484268,16.18000000
1461.92343341,133.05672854,40.41198501,16.19000000
1462.42160481,133.08417715,40.35824924,16.20000000
1462.91928431,133.11166021,40.30364827,16.21000000
1463.41646681,133.13917850,40.24819513,16.22000000
1463.91314749,133.16673280,40.19190299,16.23000000
1464.40932177,133.19432389,40.13478512,16.24000000
1464.90498535,133.22195256,40.07685493,16.25000000
1465.40013421,133.24961962,40.01812590,16.26000000
1465.89476460,133.27732584,39.95861164,16.27000000
1466.38887304,133.30507205,39.89832584,16.28000000
1466.88245634,133.33285906,39.83728229,16.29000000
1467.37551158,133.36068767,39.77549483,16.30000000
1467.86803613,133.38855871,39.71297741,16.31000000
1468.36002765,133.41647301,39.64974403,16.32000000
1468.85148407,133.44443140,39.58580874,16.33000000
1469.34240363,133.47243472,39.52118569,16.34000000
1469.83278483,133.50048383,39.45588902,16.35000000
1470.32262647,133.52857956,39.38993296,16.36000000
1470.81192767,133.55672279,39.32333175,16.37000000
1471.30068780,133.58491437,39.25609968,16.38000000
1471.78890656,133.61315518,39.18825106,16.39000000
1472.27658391,133.64144610,39.11980020,16.40000000
1472.76372013,133.66978802,39.05076146,16.41000000
1473.25031579,133.69818183,38.98114919,16.42000000
1473.73637176,133.72662843,38.91097773,16.43000000
1474.22188919,133.75512874,38.84026144,16.44000000
1474.70686956,133.78368366,38.76901467,16.45000000
1475.19131463,133.81229414,38.69725173,16.46000000
1475.67522645,133.84096109,38.62498695,16.47000000
1476.15860738,133.86968547,38.55223461,16.48000000
1476.64146009,133.89846822,38.47900897,16.49000000
1477.12378754,133.92731030,38.40532427,16.50000000
1477.60559298,133.95621269,38.33119468,16.51000000
1478.08687998,133.98517635,38.25663437,16.52000000
1478.56765240,134.01420228,38.18165743,16.53000000
1479.04791441,134.04329147,38.10627791,16.54000000
1479.52767047,134.07244493,38.03050980,16.55000000
1480.00692535,134.10166367,37.95436704,16.56000000
1480.48568411,134.13094872,37.87786350,16.57000000
1480.96395213,134.16030112,37.80101298,16.58000000
1481.44173507,134.18972190,37.72382922,16.59000000
1481.91903890,134.21921214,37.64632586,16.60000000
1482.39586990,134.24877290,37.56851649,16.61000000
1482.87223465,134.27840526,37.49041460,16.62000000
1483.34814001,134.30811030,37.41203359,16.63000000
1483.82359316,134.33788914,37.33338679,16.64000000
1484.29860159,134.36774288,37.25448743,16.65000000
1484.77317306,134.39767266,37.17534862,16.66000000
1485.24731565,134.42767961,37.09598342,16.67000000
1485.72103775,134.45776489,37.01640474,16.68000000
1486.19434804,134.48792966,36.93662541,16.69000000
1486.66725549,134.51817509,36.85665816,16.70000000
1487.13976940,134.54850239,36.77651560,16.71000000
1487.61189933,134.57891275,36.69621022,16.72000000
1488.08365518,134.60940740,36.61575442,16.73000000
1488.55504714,134.63998757,36.53516047,16.74000000
1489.02608568,134.67065451,36.45444051,16.75000000
1489.49678161,134.70140948,36.37360658,16.76000000
1489.96714600,134.73225377,36.29267060,16.77000000
1490.43719025,134.76318866,36.21164434,16.78000000
1490.90692607,134.79421546,36.13053949,16.79000000
1491.37636544,134.82533552,36.04936756,16.80000000
1491.84552068,134.85655015,35.96813997,16.81000000
1492.31440438,134.88786074,35.88686800,16.82000000
1492.78302946,134.91926865,35.80556280,16.83000000
1493.25140914,134.95077529,35.72423538,16.84000000
1493.71955695,134.98238206,35.64289664,16.85000000
1494.18748671,135.01409040,35.56155731,16.86000000
1494.65521256,135.04590177,35.48022801,16.87000000
1495.12274896,135.07781762,35.39891924,16.88000000
1495.59011067,135.10983945,35.31764132,16.89000000
1496.05731276,135.14196878,35.23640448,16.90000000
1496.52437061,135.17420713,35.15521878,16.91000000
1496.99129994,135.20655606,35.07409415,16.92000000
1497.45811675,135.23901714,34.99304039,16.93000000
1497.92483738,135.27159196,34.91206715,16.94000000
1498.39147849,135.30428215,34.83118397,16.95000000
1498.85805707,135.33708934,34.75040021,16.96000000
1499.32459041,135.37001521,34.66972512,16.97000000
1499.79109615,135.40306144,34.58916780,16.98000000
1500.25759224,135.43622974,34.50873721,16.99000000
1500.72409699,135.46952186,34.42844219,17.00000000
1501.19062901,135.50293955,34.34829142,17.01000000
1501.65720728,135.53648462,34.26829345,17.02000000
1502.12385109,135.57015887,34.18845669,17.03000000
1502.59058010,135.60396416,34.10878943,17.04000000
1503.05741430,135.63790235,34.02929979,17.05000000
1503.52437405,135.67197535,33.94999578,17.06000000
1503.99148005,135.70618510,33.87088526,17.07000000
1504.45875335,135.74053354,33.79197598,17.08000000
1504.92621539,135.77502269,33.71327552,17.09000000
1505.39388796,135.80965455,33.63479134,17.10000000
1505.86179322,135.84443120,33.55653079,17.11000000
1506.32995371,135.87935471,33.47850106,17.12000000
1506.79839237,135.91442722,33.40070920,17.13000000
1507.26713249,135.94965088,33.32316217,17.14000000
1507.73619780,135.98502788,33.24586677,17.15000000
1508.20561239,136.02056047,33.16882966,17.16000000
1508.67540078,136.05625090,33.09205742,17.17000000
1509.14558788,136.09210148,33.01555645,17.18000000
1509.61619904,136.12811456,32.93933305,17.19000000
1510.08726002,136.16429252,32.86339341,17.20000000
1510.55879703,136.20063780,32.78774356,17.21000000
1511.03083669,136.23715285,32.71238944,17.22000000
1511.50340610,136.27384020,32.63733685,17.23000000
1511.97653280,136.31070240,32.56259148,17.24000000
1512.45024479,136.34774205,32.48815890,17.25000000
1512.92457057,136.38496181,32.41404455,17.26000000
1513.39953909,136.42236436,32.34025377,17.27000000
1513.87517981,136.45995245,32.26679177,17.28000000
1514.35152270,136.49772888,32.19366367,17.29000000
1514.82859822,136.53569650,32.12087445,17.30000000
1515.30643738,136.57385821,32.04842900,17.31000000
1515.78507172,136.61221696,31.97633208,17.32000000
1516.26453331,136.65077577,31.90458836,17.33000000
1516.74485481,136.68953770,31.83320239,17.34000000
1517.22606941,136.72850588,31.76217862,17.35000000
1517.70821094,136.76768349,31.69152140,17.36000000
1518.19131377,136.80707380,31.62123498,17.37000000
1518.67541295,136.84668010,31.55132348,17.38000000
1519.16054410,136.88650578,31.48179095,17.39000000
1519.64674352,136.92655429,31.41264134,17.40000000
1520.13404815,136.96682915,31.34387848,17.41000000
1520.62249563,137.00733393,31.27550612,17.42000000
1521.11212428,137.04807230,31.20752792,17.43000000
1521.60297313,137.08904799,31.13994743,17.44000000
1522.09508196,137.13026483,31.07276813,17.45000000
1522.58849128,137.17172669,31.00599338,17.46000000
1523.08324238,137.21343757,30.93962649,17.47000000
1523.57937736,137.25540150,30.87367065,17.48000000
1524.07693910,137.29762265,30.80812897,17.49000000
1524.57597134,137.34010524,30.74300449,17.50000000
1525.07651870,137.38285361,30.67830015,17.51000000
1525.57862664,137.42587218,30.61401881,17.52000000
1526.08234158,137.46916546,30.55016327,17.53000000
1526.58771084,137.51273809,30.48673621,17.54000000
1527.09478273,137.55659478,30.42374028,17.55000000
1527.60360656,137.60074036,30.36117802,17.56000000
1528.11423265,137.64517979,30.29905191,17.57000000
1528.62671238,137.68991811,30.23736435,17.58000000
1529.14109824,137.73496051,30.17611766,17.59000000
1529.65744380,137.78031227,30.11531411,17.60000000
1530.17580385,137.82597882,30.05495588,17.61000000
1530.69623433,137.87196570,29.99504510,17.62000000
1531.21879243,137.91827861,29.93558381,17.63000000
1531.74353662,137.96492336,29.87657401,17.64000000
1532.27052669,138.01190591,29.81801761,17.65000000
1532.79982378,138.05923239,29.75991649,17.66000000
1533.33149045,138.10690904,29.70227243,17.67000000
1533.86559070,138.15494230,29.64508717,17.68000000
1534.40219004,138.20333873,29.58836239,17.69000000
1534.94135554,138.25210511,29.53209972,17.70000000
1535.48315588,138.30124834,29.47630070,17.71000000
1536.02766140,138.35077555,29.42096686,17.72000000
1536.57494417,138.40069401,29.36609965,17.73000000
1537.12507805,138.45101122,29.31170046,17.74000000
1537.67813875,138.50173487,29.25777064,17.75000000
1538.23420389,138.55287284,29.20431149,17.76000000
1538.79335309,138.60443325,29.15132425,17.77000000
1539.35566804,138.65642443,29.09881013,17.78000000
1539.92123255,138.70885495,29.04677028,17.79000000
1540.49013268,138.76173361,28.99520580,17.80000000
1541.06245679,138.81506947,28.94411775,17.81000000
1541.63829561,138.86887183,28.89350714,17.82000000
1542.21774240,138.92315029,28.84337496,17.83000000
1542.80089299,138.97791470,28.79372212,17.84000000
1543.38784589,139.03317523,28.74454953,17.85000000
1543.97870243,139.08894232,28.69585802,17.86000000
1544.57356685,139.14522675,28.64764842,17.87000000
1545.17254641,139.20203962,28.59992148,17.88000000
1545.77575155,139.25939236,28.55267796,17.89000000
1546.38329597,139.31729678,28.50591855,17.90000000
1546.99529683,139.37576503,28.45964392,17.91000000
1547.61187485,139.43480968,28.41385469,17.92000000
1548.23315448,139.49444366,28.36855147,17.93000000
1548.85926408,139.55468036,28.32373482,17.94000000
1549.49033604,139.61553358,28.27940528,17.95000000
1550.12650704,139.67701761,28.23556336,17.96000000
1550.76791817,139.73914717,28.19220952,17.97000000
1551.41471516,139.80193753,28.14934423,17.98000000
1552.06704860,139.86540446,28.10696789,17.99000000
1552.72507415,139.92956426,28.06508090,18.00000000
1553.38895282,139.99443384,28.02368363,18.01000000
1554.05885115,140.06003068,27.98277642,18.02000000
1554.73494154,140.12637290,27.94235959,18.03000000
1555.41740253,140.19347928,27.90243343,18.04000000
1556.10641905,140.26136929,27.86299821,18.05000000
1556.80218283,140.33006313,27.82405419,18.06000000
1557.50489264,140.39958175,27.78560159,18.07000000
1558.21475474,140.46994691,27.74764062,18.08000000
1558.93198321,140.54118122,27.71017147,18.09000000
1559.65680040,140.61330817,27.67319431,18.10000000
1560.38943734,140.68635218,27.63670929,18.11000000
1561.13013420,140.76033866,27.60071654,18.12000000
1561.87914085,140.83529406,27.56521617,18.13000000
1562.63671733,140.91124591,27.53020830,18.14000000
1563.40313443,140.98822291,27.49569300,18.15000000
1564.17867435,141.06625498,27.46167034,18.16000000
1564.96363130,141.14537333,27.42814038,18.17000000
1565.75831222,141.22561054,27.39510316,18.18000000
1566.56303758,141.30700063,27.36255871,18.19000000
1567.37814210,141.38957916,27.33050705,18.20000000
1568.20397570,141.47338332,27.29894817,18.21000000
1569.04090444,141.55845203,27.26788207,18.22000000
1569.88931147,141.64482604,27.23730874,18.23000000
1570.74959818,141.73254806,27.20722814,18.24000000
1571.62218537,141.82166288,27.17764023,18.25000000
1572.50751452,141.91221751,27.14854498,18.26000000
1573.40604920,142.00426133,27.11994231,18.27000000
1574.31827652,142.09784623,27.09183218,18.28000000
1575.24470882,142.19302682,27.06421450,18.29000000
1576.18588543,142.28986061,27.03708919,18.30000000
1577.14237457,142.38840817,27.01045618,18.31000000
1578.11477549,142.48873345,26.98431537,18.32000000
1579.10372076,142.59090392,26.95866665,18.33000000
1580.10987882,142.69499092,26.93350994,18.34000000
1581.13395666,142.80106991,26.90884511,18.35000000
1582.17670294,142.90922083,26.88467206,18.36000000
1583.23891122,143.01952841,26.86099067,18.37000000
1584.32142373,143.13208261,26.83780081,18.38000000
1585.42513529,143.24697901,26.81510237,18.39000000
1586.55099789,143.36431933,26.79289522,18.40000000
1587.70002553,143.48421191,26.77117922,18.41000000
1588.87329977,143.60677235,26.74995425,18.42000000
1590.07197579,143.73212412,26.72922017,18.43000000
1591.29728922,143.86039930,26.70897685,18.44000000
1592.55056365,143.99173941,26.68922415,18.45000000
1593.83321921,144.12629628,26.66996193,18.46000000
1595.14678199,144.26423312,26.65119005,18.47000000
1596.49289484,144.40572561,26.63290839,18.48000000
1597.87332939,144.55096323,26.61511678,18.49000000
1599.28999971,144.70015073,26.59781511,18.50000000
1600.74497781,144.85350975,26.58100324,18.51000000
1602.24051124,145.01128072,26.56468102,18.52000000
1603.77904316,145.17372502,26.54884832,18.53000000
1605.36323533,145.34112744,26.53350501,18.54000000
1606.99599450,145.51379899,26.51865095,18.55000000
1608.68050279,145.69208017,26.50428602,18.56000000
1610.42025285,145.87634471,26.49041009,18.57000000
1612.21908855,146.06700394,26.47702303,18.58000000
1614.08125256,146.26451189,26.46412472,18.59000000
1616.01144174,146.46937121,26.45171504,18.60000000
1618.01487232,146.68214014,26.43979387,18.61000000
1620.09735665,146.90344074,26.42836109,18.62000000
1622.26539398,147.13396859,26.41741660,18.63000000
1624.52627828,147.37450436,26.40696028,18.64000000
1626.88822683,147.62592753,26.39699204,18.65000000
1629.36053407,147.88923290,26.38751178,18.66000000
1631.95375621,148.16555031,26.37851938,18.67000000
1634.67993335,148.45616846,26.37001478,18.68000000
1637.55285706,148.76256351,26.36199787,18.69000000
1640.58839230,149.08643355,26.35446857,18.70000000
1643.80486361,149.42973994,26.34742681,18.71000000
1647.22351413,149.79475642,26.34087251,18.72000000
1650.86904244,150.18412658,26.33480560,18.73000000
1654.77021064,150.60092891,26.32922601,18.74000000
1658.96049202,151.04874612,26.32413369,18.75000000
1663.47867305,151.53172952,26.31952858,18.76000000
1668.36921709,152.05463788,26.31541062,18.77000000
1673.68199198,152.62280817,26.31177979,18.78000000
1679.47059533,153.24197608,26.30863603,18.79000000
1685.78791805,153.91780085,26.30597931,18.80000000
1692.67684065,154.65486892,26.30380960,18.81000000
1700.15364372,155.45491746,26.30212688,18.82000000
1708.18361582,156.31422254,26.30093113,18.83000000
1716.65529899,157.22084161,26.30022233,18.84000000
1725.37117088,158.15361605,26.30000048,18.85000000
1734.07522295,159.08512447,26.30026558,18.86000000
1742.51446961,159.98826918,26.30101762,18.87000000
1750.49854709,160.84265810,26.30225662,18.88000000
1757.92359823,161.63716263,26.30398260,18.89000000
1764.76055330,162.36866302,26.30619556,18.90000000
1771.02894335,163.03924459,26.30889553,18.91000000
1776.77308767,163.65364791,26.31208255,18.92000000
1782.04622734,164.21756980,26.31575665,18.93000000
1786.90175508,164.73672408,26.31991787,18.94000000
1791.38909844,165.21640061,26.32456625,18.95000000
1795.55221426,165.66130397,26.32970185,18.96000000
1799.42939690,166.07553282,26.33532471,18.97000000
1803.05367527,166.46262229,26.34143491,18.98000000
1806.45342454,166.82560947,26.34803250,18.99000000
1809.65301270,167.16710257,26.35511756,19.00000000
1812.67340313,167.48934538,26.36269016,19.01000000
1815.53268444,167.79427401,26.37075038,19.02000000
1818.24652284,168.08356528,26.37929831,19.03000000
1820.82854217,168.35867739,26.38833403,19.04000000
1823.29064066,168.62088385,26.39785763,19.05000000
1825.64325405,168.87130162,26.40786922,19.06000000
1827.89557413,169.11091449,26.41836889,19.07000000
1830.05573037,169.34059257,26.42935674,19.08000000
1832.13094130,169.56110844,26.44083289,19.09000000
1834.12764105,169.77315070,26.45279745,19.10000000
1836.05158559,169.97733538,26.46525052,19.11000000
1837.90794209,170.17421548,26.47819224,19.12000000
1839.70136461,170.36428906,26.49162271,19.13000000
1841.43605826,170.54800612,26.50554207,19.14000000
1843.11583393,170.72577447,26.51995043,19.15000000
1844.74415510,170.89796472,26.53484794,19.16000000
1846.32417810,171.06491460,26.55023471,19.17000000
1847.85878676,171.22693268,26.56611088,19.18000000
1849.35062240,171.38430155,26.58247658,19.19000000
1850.80210994,171.53728063,26.59933195,19.20000000
1852.21548055,171.68610861,26.61667713,19.21000000
1853.59279154,171.83100556,26.63451225,19.22000000
1854.93594373,171.97217479,26.65283745,19.23000000
1856.24669678,172.10980452,26.67165287,19.24000000
1857.52668271,172.24406926,26.69095865,19.25000000
1858.77741779,172.37513117,26.71075492,19.26000000
1860.00031318,172.50314113,26.73104183,19.27000000
1861.19668437,172.62823977,26.75181950,19.28000000
1862.36775951,172.75055838,26.77308807,19.29000000
1863.51468700,172.87021972,26.79484769,19.30000000
1864.63854215,172.98733870,26.81709847,19.31000000
1865.74033326,173.10202305,26.83984055,19.32000000
1866.82100702,173.21437394,26.86307405,19.33000000
1867.88145344,173.32448641,26.88679911,19.34000000
1868.92251024,173.43244995,26.91101583,19.35000000
1869.94496687,173.53834886,26.93572434,19.36000000
1870.94956813,173.64226265,26.96092475,19.37000000
1871.93701751,173.74426641,26.98661717,19.38000000
1872.90798013,173.84443112,27.01280169,19.39000000
1873.86308549,173.94282394,27.03947842,19.40000000
1874.80293002,174.03950849,27.06664745,19.41000000
1875.72807929,174.13454508,27.09430887,19.42000000
1876.63907014,174.22799094,27.12246275,19.43000000
1877.53641260,174.31990043,27.15110916,19.44000000
1878.42059164,174.41032522,27.18024817,19.45000000
1879.29206881,174.49931447,27.20987983,19.46000000
1880.15128368,174.58691498,27.24000419,19.47000000
1880.99865529,174.67317136,27.27062129,19.48000000
1881.83458336,174.75812614,27.30173115,19.49000000
1882.65944949,174.84181990,27.33333380,19.50000000
1883.47361825,174.92429140,27.36542923,19.51000000
1884.27743817,175.00557768,27.39801745,19.52000000
1885.07124269,175.08571416,27.43109843,19.53000000
1885.85535103,175.16473473,27.46467215,19.54000000
1886.63006898,175.24267186,27.49873857,19.55000000
1887.39568965,175.31955662,27.53329762,19.56000000
1888.15249419,175.39541882,27.56834924,19.57000000
1888.90075243,175.47028706,27.60389333,19.58000000
1889.64072349,175.54418878,27.63992981,19.59000000
1890.37265632,175.61715033,27.67645855,19.60000000
1891.09679030,175.68919702,27.71347942,19.61000000
1891.81335565,175.76035321,27.75099225,19.62000000
1892.52257397,175.83064228,27.78899690,19.63000000
1893.22465863,175.90008678,27.82749315,19.64000000
1893.91981521,175.96870839,27.86648081,19.65000000
1894.60824184,176.03652799,27.90595964,19.66000000
1895.29012963,176.10356572,27.94592939,19.67000000
1895.96566294,176.16984099,27.98638978,19.68000000
1896.63501974,176.23537252,28.02734053,19.69000000
1897.29837190,176.30017836,28.06878131,19.70000000
1897.95588548,176.36427595,28.11071177,19.71000000
1898.60772097,176.42768213,28.15313156,19.72000000
1899.25403359,176.49041317,28.19604026,19.73000000
1899.89497348,176.55248479,28.23943746,19.74000000
1900.53068596,176.61391220,28.28332272,19.75000000
1901.16131173,176.67471010,28.32769554,19.76000000
1901.78698705,176.73489272,28.37255542,19.77000000
1902.40784397,176.79447382,28.41790183,19.78000000
1903.02401048,176.85346675,28.46373420,19.79000000
1903.63561071,176.91188443,28.51005191,19.80000000
1904.24276505,176.96973936,28.55685435,19.81000000
1904.84559033,177.02704368,28.60414084,19.82000000
1905.44419999,177.08380916,28.65191067,19.83000000
1906.03870415,177.14004720,28.70016310,19.84000000
1906.62920981,177.19576887,28.74889737,19.85000000
1907.21582095,177.25098491,28.79811266,19.86000000
1907.79863864,177.30570576,28.84780810,19.87000000
1908.37776114,177.35994154,28.89798282,19.88000000
1908.95328407,177.41370209,28.94863586,19.89000000
1909.52530043,177.46699696,28.99976627,19.90000000
1910.09390077,177.51983546,29.05137302,19.91000000
1910.65917322,177.57222660,29.10345504,19.92000000
1911.22120364,177.62417918,29.15601122,19.93000000
1911.78007566,177.67570174,29.20904042,19.94000000
1912.33587076,177.72680259,29.26254142,19.95000000
1912.88866840,177.77748982,29.31651299,19.96000000
1913.43854602,177.82777131,29.37095380,19.97000000
1913.98557917,177.87765472,29.42586252,19.98000000
1914.52984153,177.92714753,29.48123773,19.99000000
