0.00000000,0.00000000,30.50000000,0.00000000
0.00000000,0.00000000,30.50000000,0.00000000
0.28571980,0.02820723,30.50025417,0.01000000
0.57144058,0.05641385,30.50101667,0.02000000
0.85716335,0.08461924,30.50228750,0.03000000
1.14288909,0.11282279,30.50406667,0.04000000
1.42861880,0.14102389,30.50635417,0.05000000
1.71435349,0.16922193,30.50915000,0.06000000
2.00009417,0.19741630,30.51245417,0.07000000
2.28584184,0.22560638,30.51626666,0.08000000
2.57159754,0.25379158,30.52058749,0.09000000
2.85736230,0.28197128,30.52541666,0.10000000
3.14313717,0.31014487,30.53075415,0.11000000
3.42892320,0.33831176,30.53659997,0.12000000
3.71472147,0.36647135,30.54295412,0.13000000
4.00053306,0.39462303,30.54981659,0.14000000
4.28635908,0.42276620,30.55718738,0.15000000
4.57220065,0.45090028,30.56506649,0.16000000
4.85805890,0.47902467,30.57345391,0.17000000
5.14393500,0.50713879,30.58234964,0.18000000
5.42983012,0.53524204,30.59175367,0.19000000
5.71574546,0.56333384,30.60166599,0.20000000
6.00168225,0.59141362,30.61208659,0.21000000
6.28764173,0.61948080,30.62301546,0.22000000
6.57362518,0.64753480,30.63445260,0.23000000
6.85963389,0.67557506,30.64639797,0.24000000
7.14566918,0.70360101,30.65885157,0.25000000
7.43173242,0.73161210,30.67181339,0.26000000
7.71782499,0.75960776,30.68528339,0.27000000
8.00394829,0.78758744,30.69926155,0.28000000
8.29010377,0.81555060,30.71374785,0.29000000
8.57629291,0.84349669,30.72874225,0.30000000
8.86251722,0.87142517,30.74424473,0.31000000
9.14877824,0.89933552,30.76025525,0.32000000
9.43507754,0.92722720,30.77677376,0.33000000
9.72141675,0.95509968,30.79380023,0.34000000
10.00779750,0.98295246,30.81133461,0.35000000
10.29422150,1.01078502,30.82937683,0.36000000
10.58069045,1.03859685,30.84792685,0.37000000
10.86720614,1.06638744,30.86698460,0.38000000
11.15377035,1.09415632,30.88655001,0.39000000
11.44038494,1.12190297,30.90662302,0.40000000
11.72705180,1.14962693,30.92720353,0.41000000
12.01377283,1.17732770,30.94829147,0.42000000
12.30055003,1.20500483,30.96988674,0.43000000
12.58738539,1.23265784,30.99198924,0.44000000
12.87428098,1.26028627,31.01459886,0.45000000
13.16123890,1.28788968,31.03771550,0.46000000
13.44826128,1.31546760,31.06133903,0.47000000
13.73535033,1.34301961,31.08546931,0.48000000
14.02250827,1.37054528,31.11010621,0.49000000
14.30973738,1.39804416,31.13524958,0.50000000
14.59704000,1.42551584,31.16089926,0.51000000
14.88441851,1.45295992,31.18705509,0.52000000
15.17187532,1.48037597,31.21371688,0.53000000
15.45941290,1.50776361,31.24088444,0.54000000
15.74703377,1.53512243,31.26855758,0.55000000
16.03474051,1.56245206,31.29673608,0.56000000
16.32253573,1.58975210,31.32541972,0.57000000
16.61042208,1.61702220,31.35460826,0.58000000
16.89840230,1.64426199,31.38430145,0.59000000
17.18647913,1.67147110,31.41449903,0.60000000
17.47465540,1.69864918,31.44520071,0.61000000
17.76293396,1.72579591,31.47640622,0.62000000
18.05131774,1.75291092,31.50811523,0.63000000
18.33980968,1.77999391,31.54032743,0.64000000
18.62841282,1.80704453,31.57304248,0.65000000
18.91713020,1.83406249,31.60626002,0.66000000
19.20596494,1.86104747,31.63997968,0.67000000
19.49492021,1.88799918,31.67420107,0.68000000
19.78399921,1.91491731,31.70892378,0.69000000
20.07320522,1.94180158,31.74414738,0.70000000
20.36254155,1.96865172,31.77987142,0.71000000
20.65201155,1.99546745,31.81609543,0.72000000
20.94161865,2.02224850,31.85281894,0.73000000
21.23136631,2.04899463,31.89004142,0.74000000
21.52125803,2.07570558,31.92776234,0.75000000
21.81129739,2.10238110,31.96598115,0.76000000
22.10148798,2.12902097,32.00469727,0.77000000
22.39183348,2.15562495,32.04391010,0.78000000
22.68233759,2.18219283,32.08361901,0.79000000
22.97300407,2.20872438,32.12382335,0.80000000
23.26383673,2.23521940,32.16452244,0.81000000
23.55483940,2.26167769,32.20571557,0.82000000
23.84601601,2.28809906,32.24740201,0.83000000
24.13737048,2.31448333,32.28958100,0.84000000
24.42890683,2.34083030,32.33225175,0.85000000
24.72062908,2.36713981,32.37541344,0.86000000
25.01254132,2.39341169,32.41906522,0.87000000
25.30464769,2.41964579,32.46320620,0.88000000
25.59695235,2.44584195,32.50783548,0.89000000
25.88945954,2.47200002,32.55295210,0.90000000
26.18217352,2.49811987,32.59855508,0.91000000
26.47509859,2.52420137,32.64464340,0.92000000
26.76823910,2.55024438,32.69121603,0.93000000
27.06159946,2.57624880,32.73827186,0.94000000
27.35518408,2.60221450,32.78580978,0.95000000
27.64899746,2.62814138,32.83382861,0.96000000
27.94304410,2.65402934,32.88232717,0.97000000
28.23732856,2.67987829,32.93130421,0.98000000
28.53185544,2.70568813,32.98075845,0.99000000
28.82662937,2.73145879,33.03068856,1.00000000
29.12165503,2.75719020,33.08109318,1.01000000
29.41693712,2.78288227,33.13197091,1.02000000
29.71248039,2.80853495,33.18332028,1.03000000
30.00828962,2.83414818,33.23513980,1.04000000
30.30436963,2.85972191,33.28742792,1.05000000
30.60072527,2.88525610,33.34018306,1.06000000
30.89736141,2.91075069,33.39340357,1.07000000
31.19428299,2.93620566,33.44708777,1.08000000
31.49149494,2.96162098,33.50123391,1.09000000
31.78900224,2.98699662,33.55584021,1.10000000
32.08680991,3.01233257,33.61090482,1.11000000
32.38492299,3.03762881,33.66642585,1.12000000
32.68334653,3.06288534,33.72240134,1.13000000
32.98208563,3.08810215,33.77882931,1.14000000
33.28114542,3.11327925,33.83570767,1.15000000
33.58053103,3.13841664,33.89303432,1.16000000
33.88024765,3.16351433,33.95080709,1.17000000
34.18030046,3.18857235,34.00902372,1.18000000
34.48069468,3.21359071,34.06768194,1.19000000
34.78143554,3.23856945,34.12677937,1.20000000
35.08252832,3.26350860,34.18631361,1.21000000
35.38397827,3.28840818,34.24628216,1.22000000
35.68579071,3.31326826,34.30668248,1.23000000
35.98797095,3.33808886,34.36751196,1.24000000
36.29052430,3.36287004,34.42876791,1.25000000
36.59345613,3.38761186,34.49044759,1.26000000
36.89677179,3.41231437,34.55254817,1.27000000
37.20047665,3.43697764,34.61506677,1.28000000
37.50457610,3.46160174,34.67800043,1.29000000
37.80907553,3.48618673,34.74134612,1.30000000
38.11398035,3.51073269,34.80510073,1.31000000
38.41929596,3.53523971,34.86926108,1.32000000
38.72502779,3.55970786,34.93382391,1.33000000
39.03118127,3.58413724,34.99878589,1.34000000
39.33776182,3.60852793,35.06414361,1.35000000
39.64477487,3.63288003,35.12989359,1.36000000
39.95222586,3.65719363,35.19603224,1.37000000
40.26012023,3.68146885,35.26255592,1.38000000
40.56846342,3.70570578,35.32946089,1.39000000
40.87726085,3.72990454,35.39674333,1.40000000
41.18651795,3.75406523,35.46439935,1.41000000
41.49624015,3.77818798,35.53242495,1.42000000
41.80643287,3.80227290,35.60081606,1.43000000
42.11710153,3.82632011,35.66956852,1.44000000
42.42825151,3.85032974,35.73867806,1.45000000
42.73988823,3.87430192,35.80814036,1.46000000
43.05201704,3.89823677,35.87795097,1.47000000
43.36464334,3.92213444,35.94810538,1.48000000
43.67777246,3.94599506,36.01859895,1.49000000
43.99140974,3.96981877,36.08942699,1.50000000
44.30556050,3.99360572,36.16058467,1.51000000
44.62023005,4.01735604,36.23206709,1.52000000
44.93542365,4.04106990,36.30386926,1.53000000
45.25114657,4.06474743,36.37598606,1.54000000
45.56740404,4.08838879,36.44841231,1.55000000
45.88420127,4.11199414,36.52114269,1.56000000
46.20154343,4.13556364,36.59417182,1.57000000
46.51943567,4.15909744,36.66749417,1.58000000
46.83788312,4.18259572,36.74110416,1.59000000
47.15689087,4.20605863,36.81499606,1.60000000
47.47646396,4.22948634,36.88916406,1.61000000
47.79660742,4.25287903,36.96360225,1.62000000
48.11732623,4.27623686,37.03830458,1.63000000
48.43862532,4.29956002,37.11326494,1.64000000
48.76050961,4.32284866,37.18847707,1.65000000
49.08298395,4.34610299,37.26393463,1.66000000
49.40605316,4.36932316,37.33963116,1.67000000
49.72972200,4.39250937,37.41556008,1.68000000
50.05399520,4.41566181,37.49171471,1.69000000
50.37887742,4.43878064,37.56808827,1.70000000
50.70437330,4.46186607,37.64467384,1.71000000
51.03048738,4.48491829,37.72146442,1.72000000
51.35722419,4.50793747,37.79845287,1.73000000
51.68458818,4.53092382,37.87563195,1.74000000
52.01258375,4.55387753,37.95299431,1.75000000
52.34121522,4.57679880,38.03053247,1.76000000
52.67048687,4.59968782,38.10823884,1.77000000
53.00040291,4.62254479,38.18610574,1.78000000
53.33096747,4.64536991,38.26412534,1.79000000
53.66218463,4.66816338,38.34228971,1.80000000
53.99405838,4.69092541,38.42059081,1.81000000
54.32659266,4.71365620,38.49902047,1.82000000
54.65979132,4.73635596,38.57757042,1.83000000
54.99365813,4.75902488,38.65623227,1.84000000
55.32819680,4.78166319,38.73499750,1.85000000
55.66341094,4.80427109,38.81385750,1.86000000
55.99930408,4.82684879,38.89280352,1.87000000
56.33587968,4.84939650,38.97182671,1.88000000
56.67314110,4.87191443,39.05091809,1.89000000
57.01109162,4.89440280,39.13006858,1.90000000
57.34973441,4.91686183,39.20926899,1.91000000
57.68907258,4.93929172,39.28851000,1.92000000
58.02910912,4.96169270,39.36778218,1.93000000
58.36984693,4.98406498,39.44707598,1.94000000
58.71128881,5.00640878,39.52638177,1.95000000
59.05343747,5.02872432,39.60568978,1.96000000
59.39629549,5.05101183,39.68499012,1.97000000
59.73986538,5.07327151,39.76427282,1.98000000
60.08414952,5.09550360,39.84352777,1.99000000
60.42915019,5.11770832,39.92274479,2.00000000
60.77486955,5.13988589,40.00191355,2.01000000
61.12130965,5.16203653,40.08102365,2.02000000
61.46847244,5.18416047,40.16006455,2.03000000
61.81635974,5.20625794,40.23902564,2.04000000
62.16497324,5.22832916,40.31789618,2.05000000
62.51431454,5.25037436,40.39666535,2.06000000
62.86438508,5.27239376,40.47532223,2.07000000
63.21518620,5.29438760,40.55385577,2.08000000
63.56671911,5.31635610,40.63225487,2.09000000
63.91898489,5.33829950,40.71050831,2.10000000
64.27198448,5.36021802,40.78860477,2.11000000
64.62571870,5.38211189,40.86653285,2.12000000
64.98018822,5.40398134,40.94428106,2.13000000
65.33539360,5.42582661,41.02183784,2.14000000
65.69133524,5.44764793,41.09919150,2.15000000
66.04801340,5.46944552,41.17633032,2.16000000
66.40542821,5.49121963,41.25324247,2.17000000
66.76357966,5.51297049,41.32991603,2.18000000
67.12246757,5.53469832,41.40633905,2.19000000
67.48209164,5.55640336,41.48249946,2.20000000
67.84245141,5.57808586,41.55838514,2.21000000
68.20354627,5.59974603,41.63398390,2.22000000
68.56537546,5.62138412,41.70928350,2.23000000
68.92793807,5.64300037,41.78427162,2.24000000
69.29123303,5.66459500,41.85893588,2.25000000
69.65525911,5.68616826,41.93326385,2.26000000
70.02001494,5.70772037,42.00724306,2.27000000
70.38549898,5.72925158,42.08086096,2.28000000
70.75170952,5.75076213,42.15410499,2.29000000
71.11864470,5.77225224,42.22696252,2.30000000
71.48630250,5.79372217,42.29942089,2.31000000
71.85468073,5.81517214,42.37146741,2.32000000
72.22377704,5.83660239,42.44308935,2.33000000
72.59358890,5.85801316,42.51427396,2.34000000
72.96411364,5.87940469,42.58500846,2.35000000
73.33534840,5.90077722,42.65528005,2.36000000
73.70729015,5.92213098,42.72507592,2.37000000
74.07993570,5.94346622,42.79438323,2.38000000
74.45328169,5.96478317,42.86318915,2.39000000
74.82732459,5.98608207,42.93148083,2.40000000
75.20206067,6.00736316,42.99924545,2.41000000
75.57748608,6.02862669,43.06647016,2.42000000
75.95359674,6.04987288,43.13314213,2.43000000
76.33038845,6.07110198,43.19924855,2.44000000
76.70785679,6.09231423,43.26477663,2.45000000
77.08599719,6.11350986,43.32971359,2.46000000
77.46480490,6.13468913,43.39404669,2.47000000
77.84427500,6.15585226,43.45776321,2.48000000
78.22440240,6.17699950,43.52085047,2.49000000
78.60518181,6.19813108,43.58329584,2.50000000
78.98660779,6.21924725,43.64508673,2.51000000
79.36867471,6.24034825,43.70621059,2.52000000
79.75137678,6.26143432,43.76665494,2.53000000
80.13470803,6.28250570,43.82640736,2.54000000
80.51866231,6.30356262,43.88545550,2.55000000
80.90323331,6.32460533,43.94378706,2.56000000
81.28841453,6.34563407,44.00138984,2.57000000
81.67419931,6.36664908,44.05825171,2.58000000
82.06058082,6.38765060,44.11436062,2.59000000
82.44755204,6.40863886,44.16970463,2.60000000
82.83510582,6.42961412,44.22427188,2.61000000
83.22323480,6.45057661,44.27805061,2.62000000
83.61193147,6.47152657,44.33102919,2.63000000
84.00118815,6.49246424,44.38319607,2.64000000
84.39099702,6.51338986,44.43453984,2.65000000
84.78135004,6.53430368,44.48504921,2.66000000
85.17223907,6.55520593,44.53471300,2.67000000
85.56365577,6.57609685,44.58352019,2.68000000
85.95559166,6.59697669,44.63145987,2.69000000
86.34803807,6.61784568,44.67852129,2.70000000
86.74098622,6.63870406,44.72469384,2.71000000
87.13442716,6.65955208,44.76996708,2.72000000
87.52835176,6.68038998,44.81433070,2.73000000
87.92275077,6.70121800,44.85777458,2.74000000
88.31761480,6.72203637,44.90028874,2.75000000
88.71293428,6.74284534,44.94186339,2.76000000
89.10869952,6.76364514,44.98248893,2.77000000
89.50490070,6.78443603,45.02215591,2.78000000
89.90152783,6.80521823,45.06085510,2.79000000
90.29857081,6.82599200,45.09857744,2.80000000
90.69601940,6.84675756,45.13531407,2.81000000
91.09386322,6.86751516,45.17105634,2.82000000
91.49209178,6.88826505,45.20579579,2.83000000
91.89069444,6.90900745,45.23952418,2.84000000
92.28966048,6.92974262,45.27223349,2.85000000
92.68897902,6.95047078,45.30391591,2.86000000
93.08863908,6.97119219,45.33456384,2.87000000
93.48862958,6.99190708,45.36416994,2.88000000
93.88893930,7.01261569,45.39272706,2.89000000
94.28955696,7.03331827,45.42022831,2.90000000
94.69047113,7.05401504,45.44666703,2.91000000
95.09167031,7.07470626,45.47203680,2.92000000
95.49314291,7.09539216,45.49633145,2.93000000
95.89487722,7.11607298,45.51954505,2.94000000
96.29686148,7.13674897,45.54167193,2.95000000
96.69908380,7.15742036,45.56270667,2.96000000
97.10153225,7.17808739,45.58264410,2.97000000
97.50419482,7.19875030,45.60147932,2.98000000
97.90705939,7.21940934,45.61920769,2.99000000
98.31011382,7.24006474,45.63582483,3.00000000
98.71334588,7.26071675,45.65132664,3.01000000
99.11674327,7.28136559,45.66570928,3.02000000
99.52029367,7.30201152,45.67896919,3.03000000
99.92398466,7.32265477,45.69110306,3.04000000
100.32780382,7.34329559,45.70210790,3.05000000
100.73173864,7.36393421,45.71198095,3.06000000
101.13577661,7.38457087,45.72071977,3.07000000
101.53990517,7.40520581,45.72832217,3.08000000
101.94411171,7.42583928,45.73478626,3.09000000
102.34838362,7.44647150,45.74011042,3.10000000
102.75270827,7.46710274,45.74429333,3.11000000
103.15707298,7.48773321,45.74733393,3.12000000
103.56146508,7.50836316,45.74923148,3.13000000
103.96587189,7.52899284,45.74998549,3.14000000
104.37028073,7.54962248,45.74959578,3.15000000
104.77467889,7.57025232,45.74806245,3.16000000
105.17905370,7.59088260,45.74538587,3.17000000
105.58339248,7.61151356,45.74156672,3.18000000
105.98768257,7.63214544,45.73660596,3.19000000
106.39191130,7.65277849,45.73050481,3.20000000
106.79606607,7.67341294,45.72326480,3.21000000
107.20013426,7.69404902,45.71488775,3.22000000
107.60410330,7.71468699,45.70537573,3.23000000
108.00796066,7.73532708,45.69473112,3.24000000
108.41169383,7.75596953,45.68295656,3.25000000
108.81529035,7.77661458,45.67005499,3.26000000
109.21873783,7.79726247,45.65602960,3.27000000
109.62202388,7.81791345,45.64088388,3.28000000
110.02513622,7.83856774,45.62462157,3.29000000
110.42806260,7.85922559,45.60724669,3.30000000
110.83079082,7.87988724,45.58876355,3.31000000
111.23330878,7.90055294,45.56917669,3.32000000
111.63560444,7.92122291,45.54849093,3.33000000
112.03766581,7.94189741,45.52671135,3.34000000
112.43948102,7.96257667,45.50384330,3.35000000
112.84103826,7.98326092,45.47989237,3.36000000
113.24232580,8.00395042,45.45486440,3.37000000
113.64333201,8.02464540,45.42876548,3.38000000
114.04404535,8.04534610,45.40160197,3.39000000
114.44445440,8.06605276,45.37338044,3.40000000
114.84454780,8.08676563,45.34410771,3.41000000
115.24431432,8.10748493,45.31379085,3.42000000
115.64374284,8.12821092,45.28243713,3.43000000
116.04282235,8.14894383,45.25005408,3.44000000
116.44154193,8.16968390,45.21664944,3.45000000
116.83989081,8.19043138,45.18223115,3.46000000
117.23785833,8.21118649,45.14680741,3.47000000
117.63543395,8.23194950,45.11038658,3.48000000
118.03260724,8.25272062,45.07297727,3.49000000
118.42936794,8.27350011,45.03458827,3.50000000
118.82570588,8.29428821,44.99522856,3.51000000
119.22161106,8.31508515,44.95490734,3.52000000
119.61707359,8.33589117,44.91363397,3.53000000
120.01208373,8.35670652,44.87141802,3.54000000
120.40663189,8.37753144,44.82826921,3.55000000
120.80070862,8.39836616,44.78419747,3.56000000
121.19430461,8.41921093,44.73921286,3.57000000
121.58741071,8.44006599,44.69332564,3.58000000
121.98001791,8.46093158,44.64654621,3.59000000
122.37211736,8.48180793,44.59888512,3.60000000
122.76370036,8.50269530,44.55035308,3.61000000
123.15475838,8.52359391,44.50096095,3.62000000
123.54528304,8.54450402,44.45071972,3.63000000
123.93526611,8.56542585,44.39964051,3.64000000
124.32469954,8.58635966,44.34773458,3.65000000
124.71357543,8.60730568,44.29501331,3.66000000
125.10188606,8.62826415,44.24148819,3.67000000
125.48962386,8.64923531,44.18717084,3.68000000
125.87678144,8.67021941,44.13207297,3.69000000
126.26335155,8.69121668,44.07620641,3.70000000
126.64932716,8.71222737,44.01958308,3.71000000
127.03470136,8.73325171,43.96221499,3.72000000
127.41946745,8.75428994,43.90411425,3.73000000
127.80361887,8.77534231,43.84529303,3.74000000
128.18714925,8.79640906,43.78576361,3.75000000
128.57005239,8.81749042,43.72553831,3.76000000
128.95232226,8.83858664,43.66462954,3.77000000
129.33395302,8.85969795,43.60304977,3.78000000
129.71493898,8.88082460,43.54081151,3.79000000
130.09527464,8.90196683,43.47792734,3.80000000
130.47495467,8.92312487,43.41440989,3.81000000
130.85397392,8.94429897,43.35027181,3.82000000
131.23232741,8.96548936,43.28552581,3.83000000
131.61001032,8.98669629,43.22018464,3.84000000
131.98701804,9.00792000,43.15426105,3.85000000
132.36334611,9.02916072,43.08776783,3.86000000
132.73899024,9.05041870,43.02071779,3.87000000
133.11394632,9.07169417,42.95312376,3.88000000
133.48821043,9.09298737,42.88499857,3.89000000
133.86177879,9.11429855,42.81635506,3.90000000
134.23464783,9.13562793,42.74720606,3.91000000
134.60681412,9.15697577,42.67756443,3.92000000
134.97827441,9.17834229,42.60744298,3.93000000
135.34902563,9.19972775,42.53685454,3.94000000
135.71906487,9.22113236,42.46581191,3.95000000
136.08838939,9.24255638,42.39432789,3.96000000
136.45699661,9.26400005,42.32241522,3.97000000
136.82488414,9.28546359,42.25008666,3.98000000
137.19204972,9.30694725,42.17735490,3.99000000
137.55849129,9.32845126,42.10423261,4.00000000
137.92420693,9.34997586,42.03073243,4.01000000
138.28919489,9.37152129,41.95686695,4.02000000
138.65345358,9.39308779,41.88264871,4.03000000
139.01698156,9.41467559,41.80809022,4.04000000
139.37977757,9.43628492,41.73320392,4.05000000
139.74184048,9.45791603,41.65800220,4.06000000
140.10316934,9.47956914,41.58249739,4.07000000
140.46376333,9.50124450,41.50670177,4.08000000
140.82362180,9.52294234,41.43062755,4.09000000
141.18274425,9.54466289,41.35428688,4.10000000
141.54113030,9.56640638,41.27769182,4.11000000
141.89877976,9.58817306,41.20085437,4.12000000
142.25569257,9.60996315,41.12378647,4.13000000
142.61186879,9.63177688,41.04649996,4.14000000
142.96730865,9.65361450,40.96900661,4.15000000
143.32201252,9.67547622,40.89131811,4.16000000
143.67598088,9.69736229,40.81344607,4.17000000
144.02921439,9.71927293,40.73540201,4.18000000
144.38171382,9.74120838,40.65719734,4.19000000
144.73348006,9.76316886,40.57884342,4.20000000
145.08451415,9.78515460,40.50035149,4.21000000
145.43481727,9.80716584,40.42173270,4.22000000
145.78439070,9.82920280,40.34299810,4.23000000
146.13323586,9.85126570,40.26415867,4.24000000
146.48135429,9.87335478,40.18522525,4.25000000
146.82874767,9.89547027,40.10620862,4.26000000
147.17541777,9.91761238,40.02711941,4.27000000
147.52136649,9.93978135,39.94796820,4.28000000
147.86659585,9.96197739,39.86876544,4.29000000
148.21110798,9.98420074,39.78952145,4.30000000
148.55490513,10.00645161,39.71024649,4.31000000
148.89798964,10.02873023,39.63095068,4.32000000
149.24036397,10.05103682,39.55164404,4.33000000
149.58203070,10.07337160,39.47233648,4.34000000
149.92299247,10.09573478,39.39303780,4.35000000
150.26325208,10.11812659,39.31375769,4.36000000
150.60281238,10.14054725,39.23450573,4.37000000
150.94167634,10.16299697,39.15529137,4.38000000
151.27984703,10.18547597,39.07612397,4.39000000
151.61732760,10.20798447,38.99701277,4.40000000
151.95412129,10.23052267,38.91796688,4.41000000
152.29023145,10.25309079,38.83899532,4.42000000
152.62566149,10.27568905,38.76010697,4.43000000
152.96041493,10.29831765,38.68131060,4.44000000
153.29449535,10.32097680,38.60261490,4.45000000
153.62790643,10.34366671,38.52402839,4.46000000
153.96065192,10.36638760,38.44555950,4.47000000
154.29273565,10.38913965,38.36721656,4.48000000
154.62416152,10.41192309,38.28900776,4.49000000
154.95493352,10.43473811,38.21094118,4.50000000
155.28505568,10.45758491,38.13302479,4.51000000
155.61453214,10.48046370,38.05526644,4.52000000
155.94336706,10.50337467,37.97767387,4.53000000
156.27156472,10.52631803,37.90025470,4.54000000
156.59912941,10.54929396,37.82301644,4.55000000
156.92606551,10.57230266,37.74596647,4.56000000
157.25237747,10.59534434,37.66911209,4.57000000
157.57806977,10.61841916,37.59246045,4.58000000
157.90314696,10.64152734,37.51601860,4.59000000
158.22761365,10.66466905,37.43979349,4.60000000
158.55147449,10.68784448,37.36379194,4.61000000
158.87473418,10.71105382,37.28802067,4.62000000
159.19739748,10.73429725,37.21248629,4.63000000
159.51946920,10.75757494,37.13719529,4.64000000
159.84095417,10.78088708,37.06215405,4.65000000
160.16185728,10.80423385,36.98736886,4.66000000
160.48218346,10.82761542,36.91284587,4.67000000
160.80193769,10.85103196,36.83859116,4.68000000
161.12112497,10.87448364,36.76461068,4.69000000
161.43975034,10.89797063,36.69091027,4.70000000
161.75781888,10.92149310,36.61749568,4.71000000
162.07533570,10.94505121,36.54437255,4.72000000
162.39230595,10.96864512,36.47154642,4.73000000
162.70873478,10.99227500,36.39902271,4.74000000
163.02462741,11.01594099,36.32680677,4.75000000
163.33998905,11.03964326,36.25490382,4.76000000
163.65482495,11.06338195,36.18331901,4.77000000
163.96914039,11.08715721,36.11205735,4.78000000
164.28294065,11.11096920,36.04112378,4.79000000
164.59623106,11.13481805,35.97052316,4.80000000
164.90901694,11.15870390,35.90026021,4.81000000
165.22130363,11.18262690,35.83033960,4.82000000
165.53309651,11.20658717,35.76076586,4.83000000
165.84440095,11.23058486,35.69154348,4.84000000
166.15522234,11.25462008,35.62267681,4.85000000
166.46556607,11.27869298,35.55417015,4.86000000
166.77543756,11.30280366,35.48602768,4.87000000
167.08484222,11.32695225,35.41825350,4.88000000
167.39378548,11.35113887,35.35085163,4.89000000
167.70227277,11.37536363,35.28382600,4.90000000
168.01030951,11.39962664,35.21718046,4.91000000
168.31790114,11.42392801,35.15091877,4.92000000
168.62505311,11.44826784,35.08504460,4.93000000
168.93177083,11.47264623,35.01956155,4.94000000
169.23805975,11.49706327,34.95447314,4.95000000
169.54392530,11.52151906,34.88978280,4.96000000
169.84937290,11.54601369,34.82549389,4.97000000
170.15440798,11.57054724,34.76160969,4.98000000
170.45903595,11.59511979,34.69813341,4.99000000
170.76326222,11.61973142,34.63506817,5.00000000
171.06709219,11.64438221,34.57241704,5.01000000
171.37053124,11.66907221,34.51018299,5.02000000
171.67358474,11.69380150,34.44836893,5.03000000
171.97625808,11.71857014,34.38697771,5.04000000
172.27855658,11.74337818,34.32601209,5.05000000
172.58048560,11.76822568,34.26547478,5.06000000
172.88205044,11.79311267,34.20536842,5.07000000
173.18325641,11.81803921,34.14569556,5.08000000
173.48410880,11.84300533,34.08645873,5.09000000
173.78461287,11.86801107,34.02766035,5.10000000
174.08477386,11.89305646,33.96930281,5.11000000
174.38459700,11.91814151,33.91138841,5.12000000
174.68408748,11.94326626,33.85391942,5.13000000
174.98325050,11.96843070,33.79689803,5.14000000
175.28209119,11.99363486,33.74032637,5.15000000
175.58061470,12.01887874,33.68420653,5.16000000
175.87882611,12.04416233,33.62854053,5.17000000
176.17673051,12.06948563,33.57333032,5.18000000
176.47433295,12.09484863,33.51857784,5.19000000
176.77163844,12.12025132,33.46428492,5.20000000
177.06865197,12.14569366,33.41045339,5.21000000
177.36537850,12.17117564,33.35708500,5.22000000
177.66182295,12.19669721,33.30418144,5.23000000
177.95799023,12.22225835,33.25174439,5.24000000
178.25388518,12.24785901,33.19977543,5.25000000
178.54951265,12.27349913,33.14827614,5.26000000
178.84487742,12.29917866,33.09724802,5.27000000
179.13998424,12.32489754,33.04669255,5.28000000
179.43483785,12.35065571,32.99661114,5.29000000
179.72944292,12.37645308,32.94700518,5.30000000
180.02380410,12.40228958,32.89787599,5.31000000
180.31792600,12.42816512,32.84922489,5.32000000
180.61181318,12.45407962,32.80105311,5.33000000
180.90547018,12.48003296,32.75336188,5.34000000
181.19890149,12.50602506,32.70615236,5.35000000
181.49211155,12.53205579,32.65942570,5.36000000
181.78510477,12.55812504,32.61318300,5.37000000
182.07788552,12.58423269,32.56742531,5.38000000
182.37045811,12.61037861,32.52215366,5.39000000
182.66282683,12.63656265,32.47736905,5.40000000
182.95499591,12.66278468,32.43307243,5.41000000
183.24696953,12.68904454,32.38926473,5.42000000
183.53875186,12.71534208,32.34594683,5.43000000
183.83034698,12.74167714,32.30311961,5.44000000
184.12175895,12.76804954,32.26078389,5.45000000
184.41299178,12.79445911,32.21894048,5.46000000
184.70404943,12.82090567,32.17759013,5.47000000
184.99493582,12.84738901,32.13673359,5.48000000
185.28565481,12.87390895,32.09637159,5.49000000
185.57621023,12.90046528,32.05650480,5.50000000
185.86660585,12.92705778,32.01713388,5.51000000
186.15684539,12.95368624,31.97825948,5.52000000
186.44693253,12.98035043,31.93988219,5.53000000
186.73687089,13.00705013,31.90200262,5.54000000
187.02666405,13.03378507,31.86462131,5.55000000
187.31631554,13.06055503,31.82773881,5.56000000
187.60582884,13.08735975,31.79135564,5.57000000
187.89520738,13.11419895,31.75547229,5.58000000
188.18445454,13.14107238,31.72008923,5.59000000
188.47357364,13.16797976,31.68520693,5.60000000
188.76256797,13.19492080,31.65082581,5.61000000
189.05144076,13.22189521,31.61694629,5.62000000
189.34019519,13.24890270,31.58356877,5.63000000
189.62883437,13.27594295,31.55069362,5.64000000
189.91736141,13.30301567,31.51832121,5.65000000
190.20577931,13.33012051,31.48645188,5.66000000
190.49409107,13.35725717,31.45508596,5.67000000
190.78229961,13.38442531,31.42422376,5.68000000
191.07040781,13.41162457,31.39386557,5.69000000
191.35841850,13.43885463,31.36401169,5.70000000
191.64633445,13.46611511,31.33466238,5.71000000
191.93415841,13.49340566,31.30581789,5.72000000
192.22189304,13.52072590,31.27747846,5.73000000
192.50954099,13.54807547,31.24964432,5.74000000
192.79710483,13.57545397,31.22231570,5.75000000
193.08458709,13.60286101,31.19549278,5.76000000
193.37199027,13.63029620,31.16917577,5.77000000
193.65931681,13.65775914,31.14336485,5.78000000
193.94656908,13.68524940,31.11806018,5.79000000
194.23374944,13.71276658,31.09326194,5.80000000
194.52086019,13.74031024,31.06897027,5.81000000
194.80790356,13.76787996,31.04518531,5.82000000
195.09488178,13.79547530,31.02190720,5.83000000
195.38179699,13.82309581,30.99913606,5.84000000
195.66865131,13.85074104,30.97687202,5.85000000
195.95544682,13.87841054,30.95511517,5.86000000
196.24218553,13.90610383,30.93386562,5.87000000
196.52886943,13.93382045,30.91312346,5.88000000
196.81550046,13.96155993,30.89288879,5.89000000
197.10208052,13.98932178,30.87316169,5.90000000
197.38861146,14.01710551,30.85394222,5.91000000
197.67509511,14.04491063,30.83523047,5.92000000
197.96153324,14.07273664,30.81702649,5.93000000
198.24792758,14.10058303,30.79933035,5.94000000
198.53427984,14.12844929,30.78214209,5.95000000
198.82059168,14.15633492,30.76546177,5.96000000
199.10686472,14.18423937,30.74928944,5.97000000
199.39310055,14.21216214,30.73362513,5.98000000
199.67930073,14.24010268,30.71846888,5.99000000
199.96546677,14.26806046,30.70382073,6.00000000
200.25160017,14.29603494,30.68968071,6.01000000
200.53770237,14.32402557,30.67604884,6.02000000
200.82377479,14.35203180,30.66292515,6.03000000
201.10981884,14.38005308,30.65030967,6.04000000
201.39583588,14.40808884,30.63820240,6.05000000
201.68182723,14.43613853,30.62660338,6.06000000
201.96779420,14.46420157,30.61551261,6.07000000
202.25373808,14.49227740,30.60493010,6.08000000
202.53966012,14.52036543,30.59485588,6.09000000
202.82556155,14.54846510,30.58528994,6.10000000
203.11144358,14.57657582,30.57623231,6.11000000
203.39730739,14.60469700,30.56768297,6.12000000
203.68315415,14.63282806,30.55964195,6.13000000
203.96898500,14.66096840,30.55210924,6.14000000
204.25480107,14.68911743,30.54508485,6.15000000
204.54060346,14.71727457,30.53856879,6.16000000
204.82639327,14.74543919,30.53256105,6.17000000
205.11217158,14.77361072,30.52706164,6.18000000
205.39793944,14.80178854,30.52207056,6.19000000
205.68369792,14.82997205,30.51758781,6.20000000
205.96944804,14.85816064,30.51361339,6.21000000
206.25519083,14.88635371,30.51014731,6.22000000
206.54092732,14.91455065,30.50718955,6.23000000
206.82665851,14.94275084,30.50474013,6.24000000
207.11238540,14.97095368,30.50279905,6.25000000
207.39810901,14.99915855,30.50136629,6.26000000
207.68383032,15.02736484,30.50044187,6.27000000
207.96955032,15.05557194,30.50002579,6.28000000
208.25527001,15.08377924,30.50011804,6.29000000
208.54099037,15.11198612,30.50071862,6.30000000
208.82671240,15.14019197,30.50182753,6.31000000
209.11243709,15.16839617,30.50344478,6.32000000
209.39816543,15.19659812,30.50557036,6.33000000
209.68389843,15.22479720,30.50820427,6.34000000
209.96963708,15.25299281,30.51134652,6.35000000
210.25538242,15.28118432,30.51499709,6.36000000
210.54113545,15.30937114,30.51915601,6.37000000
210.82689721,15.33755265,30.52382325,6.38000000
211.11266874,15.36572826,30.52899882,6.39000000
211.39845110,15.39389735,30.53468272,6.40000000
211.68424536,15.42205933,30.54087495,6.41000000
211.97005259,15.45021359,30.54757551,6.42000000
212.25587389,15.47835954,30.55478439,6.43000000
212.54171038,15.50649658,30.56250158,6.44000000
212.82756320,15.53462412,30.57072709,6.45000000
213.11343348,15.56274157,30.57946091,6.46000000
213.39932241,15.59084835,30.58870303,6.47000000
213.68523118,15.61894386,30.59845344,6.48000000
213.97116100,15.64702753,30.60871214,6.49000000
214.25711312,15.67509878,30.61947912,6.50000000
214.54308879,15.70315705,30.63075436,6.51000000
214.82908931,15.73120174,30.64253784,6.52000000
215.11511599,15.75923232,30.65482956,6.53000000
215.40117019,15.78724820,30.66762949,6.54000000
215.68725326,15.81524883,30.68093762,6.55000000
215.97336661,15.84323366,30.69475392,6.56000000
216.25951169,15.87120214,30.70907837,6.57000000
216.54568994,15.89915373,30.72391093,6.58000000
216.83190288,15.92708788,30.73925157,6.59000000
217.11815204,15.95500406,30.75510027,6.60000000
217.40443898,15.98290174,30.77145698,6.61000000
217.69076529,16.01078040,30.78832165,6.62000000
217.97713263,16.03863951,30.80569425,6.63000000
218.26354267,16.06647856,30.82357471,6.64000000
218.54999711,16.09429705,30.84196299,6.65000000
218.83649772,16.12209446,30.86085902,6.66000000
219.12304628,16.14987031,30.88026273,6.67000000
219.40964462,16.17762409,30.90017406,6.68000000
219.69629462,16.20535533,30.92059293,6.69000000
219.98299818,16.23306354,30.94151924,6.70000000
220.26975728,16.26074825,30.96295292,6.71000000
220.55657389,16.28840899,30.98489387,6.72000000
220.84345007,16.31604530,31.00734197,6.73000000
221.13038790,16.34365673,31.03029712,6.74000000
221.41738952,16.37124282,31.05375920,6.75000000
221.70445709,16.39880313,31.07772808,6.76000000
221.99159283,16.42633724,31.10220362,6.77000000
222.27879903,16.45384469,31.12718569,6.78000000
222.56607798,16.48132509,31.15267411,6.79000000
222.85343205,16.50877800,31.17866873,6.80000000
223.14086365,16.53620302,31.20516937,6.81000000
223.42837523,16.56359975,31.23217585,6.82000000
223.71596930,16.59096780,31.25968797,6.83000000
224.00364841,16.61830676,31.28770553,6.84000000
224.29141515,16.64561628,31.31622829,6.85000000
224.57927219,16.67289595,31.34525603,6.86000000
224.86722221,16.70014543,31.37478850,6.87000000
225.15526796,16.72736435,31.40482544,6.88000000
225.44341225,16.75455236,31.43536659,6.89000000
225.73165792,16.78170911,31.46641164,6.90000000
226.02000786,16.80883426,31.49796031,6.91000000
226.30846502,16.83592748,31.53001226,6.92000000
226.59703241,16.86298845,31.56256718,6.93000000
226.88571306,16.89001685,31.59562470,6.94000000
227.17451008,16.91701237,31.62918446,6.95000000
227.46342661,16.94397470,31.66324608,6.96000000
227.75246585,16.97090356,31.69780915,6.97000000
228.04163105,16.99779865,31.73287324,6.98000000
228.33092550,17.02465969,31.76843793,6.99000000
228.62035256,17.05148641,31.80450274,7.00000000
228.90991561,17.07827853,31.84106719,7.01000000
229.19961812,17.10503582,31.87813079,7.02000000
229.48946357,17.13175800,31.91569300,7.03000000
229.77945551,17.15844483,31.95375328,7.04000000
230.06959754,17.18509608,31.99231106,7.05000000
230.35989329,17.21171152,32.03136574,7.06000000
230.65034648,17.23829092,32.07091670,7.07000000
230.94096083,17.26483406,32.11096330,7.08000000
231.23174013,17.29134074,32.15150487,7.09000000
231.52268823,17.31781076,32.19254071,7.10000000
231.81380901,17.34424391,32.23407010,7.11000000
232.10510639,17.37064001,32.27609229,7.12000000
232.39658437,17.39699888,32.31860649,7.13000000
232.68824696,17.42332034,32.36161189,7.14000000
232.98009824,17.44960423,32.40510765,7.15000000
233.27214232,17.47585038,32.44909290,7.16000000
233.56438337,17.50205863,32.49356674,7.17000000
233.85682559,17.52822886,32.53852823,7.18000000
234.14947323,17.55436090,32.58397640,7.19000000
234.44233059,17.58045462,32.62991024,7.20000000
234.73540200,17.60650991,32.67632872,7.21000000
235.02869185,17.63252663,32.72323075,7.22000000
235.32220456,17.65850468,32.77061524,7.23000000
235.61594458,17.68444393,32.81848101,7.24000000
235.90991642,17.71034430,32.86682690,7.25000000
236.20412464,17.73620569,32.91565167,7.26000000
236.49857380,17.76202800,32.96495404,7.27000000
236.79326853,17.78781115,33.01473272,7.28000000
237.08821350,17.81355506,33.06498635,7.29000000
237.38341339,17.83925967,33.11571353,7.30000000
237.67887295,17.86492491,33.16691282,7.31000000
237.97459695,17.89055071,33.21858275,7.32000000
238.27059018,17.91613703,33.27072178,7.33000000
238.56685749,17.94168381,33.32332834,7.34000000
238.86340375,17.96719102,33.37640080,7.35000000
239.16023387,17.99265862,33.42993748,7.36000000
239.45735279,18.01808657,33.48393667,7.37000000
239.75476548,18.04347485,33.53839659,7.38000000
240.05247692,18.06882345,33.59331542,7.39000000
240.35049217,18.09413234,33.64869127,7.40000000
240.64881626,18.11940152,33.70452222,7.41000000
240.94745430,18.14463098,33.76080628,7.42000000
241.24641138,18.16982072,33.81754141,7.43000000
241.54569265,18.19497076,33.87472550,7.44000000
241.84530327,18.22008109,33.93235640,7.45000000
242.14524842,18.24515175,33.99043190,7.46000000
242.44553333,18.27018274,34.04894971,7.47000000
242.74616321,18.29517410,34.10790750,7.48000000
243.04714331,18.32012585,34.16730287,7.49000000
243.34847892,18.34503803,34.22713335,7.50000000
243.65017532,18.36991069,34.28739642,7.51000000
243.95223782,18.39474386,34.34808949,7.52000000
244.25467175,18.41953759,34.40920989,7.53000000
244.55748245,18.44429194,34.47075490,7.54000000
244.86067526,18.46900697,34.53272172,7.55000000
245.16425557,18.49368273,34.59510749,7.56000000
245.46822874,18.51831930,34.65790927,7.57000000
245.77260018,18.54291674,34.72112404,7.58000000
246.07737528,18.56747512,34.78474874,7.59000000
246.38255945,18.59199454,34.84878019,7.60000000
246.68815812,18.61647506,34.91321518,7.61000000
246.99417670,18.64091678,34.97805039,7.62000000
247.30062062,18.66531978,35.04328243,7.63000000
247.60749532,18.68968416,35.10890784,7.64000000
247.91480622,18.71401002,35.17492308,7.65000000
248.22255878,18.73829745,35.24132452,7.66000000
248.53075841,18.76254657,35.30810845,7.67000000
248.83941056,18.78675747,35.37527107,7.68000000
249.14852065,18.81093028,35.44280853,7.69000000
249.45809412,18.83506510,35.51071684,7.70000000
249.76813638,18.85916205,35.57899197,7.71000000
250.07865284,18.88322126,35.64762979,7.72000000
250.38964892,18.90724285,35.71662606,7.73000000
250.70113001,18.93122694,35.78597647,7.74000000
251.01310150,18.95517367,35.85567662,7.75000000
251.32556875,18.97908317,35.92572201,7.76000000
251.63853712,19.00295558,35.99610806,7.77000000
251.95201196,19.02679103,36.06683007,7.78000000
252.26599859,19.05058967,36.13788328,7.79000000
252.58050231,19.07435165,36.20926280,7.80000000
252.89552842,19.09807710,36.28096367,7.81000000
253.21108217,19.12176618,36.35298081,7.82000000
253.52716880,19.14541905,36.42530906,7.83000000
253.84379353,19.16903585,36.49794315,7.84000000
254.16096155,19.19261675,36.57087771,7.85000000
254.47867802,19.21616191,36.64410726,7.86000000
254.79694807,19.23967148,36.71762624,7.87000000
255.11577679,19.26314564,36.79142897,7.88000000
255.43516926,19.28658455,36.86550967,7.89000000
255.75513049,19.30998837,36.93986244,7.90000000
256.07566550,19.33335729,37.01448130,7.91000000
256.39677922,19.35669147,37.08936014,7.92000000
256.71847658,19.37999109,37.16449275,7.93000000
257.04076244,19.40325633,37.23987283,7.94000000
257.36364165,19.42648736,37.31549395,7.95000000
257.68711897,19.44968437,37.39134956,7.96000000
258.01119915,19.47284754,37.46743303,7.97000000
258.33588688,19.49597706,37.54373760,7.98000000
258.66118679,19.51907311,37.62025640,7.99000000
258.98710346,19.54213588,37.69698244,8.00000000
259.31364143,19.56516557,37.77390865,8.01000000
259.64080517,19.58816236,37.85102780,8.02000000
259.96859908,19.61112644,37.92833258,8.03000000
260.29702753,19.63405802,38.00581556,8.04000000
260.62609480,19.65695729,38.08346918,8.05000000
260.95580513,19.67982445,38.16128579,8.06000000
261.28616267,19.70265969,38.23925760,8.07000000
261.61717152,19.72546322,38.31737673,8.08000000
261.94883570,19.74823525,38.39563516,8.09000000
262.28115916,19.77097597,38.47402476,8.10000000
262.61414578,19.79368559,38.55253730,8.11000000
262.94779936,19.81636431,38.63116443,8.12000000
263.28212363,19.83901235,38.70989766,8.13000000
263.61712222,19.86162991,38.78872841,8.14000000
263.95279870,19.88421721,38.86764799,8.15000000
264.28915654,19.90677444,38.94664756,8.16000000
264.62619915,19.92930184,39.02571820,8.17000000
264.96392982,19.95179961,39.10485086,8.18000000
265.30235176,19.97426795,39.18403638,8.19000000
265.64146811,19.99670710,39.26326547,8.20000000
265.98128187,20.01911727,39.34252875,8.21000000
266.32179600,20.04149867,39.42181671,8.22000000
266.66301331,20.06385151,39.50111973,8.23000000
267.00493655,20.08617603,39.58042810,8.24000000
267.34756834,20.10847245,39.65973196,8.25000000
267.69091122,20.13074097,39.73902137,8.26000000
268.03496759,20.15298182,39.81828627,8.27000000
268.37973978,20.17519524,39.89751648,8.28000000
268.72522999,20.19738143,39.97670174,8.29000000
269.07144030,20.21954062,40.05583166,8.30000000
269.41837269,20.24167305,40.13489575,8.31000000
269.76602902,20.26377892,40.21388342,8.32000000
270.11441102,20.28585848,40.29278397,8.33000000
270.46352033,20.30791194,40.37158662,8.34000000
270.81335843,20.32993953,40.45028045,8.35000000
271.16392671,20.35194149,40.52885449,8.36000000
271.51522640,20.37391804,40.60729762,8.37000000
271.86725862,20.39586941,40.68559868,8.38000000
272.22002438,20.41779582,40.76374637,8.39000000
272.57352451,20.43969752,40.84172933,8.40000000
272.92775976,20.46157473,40.91953609,8.41000000
273.28273069,20.48342767,40.99715511,8.42000000
273.63843777,20.50525660,41.07457474,8.43000000
273.99488131,20.52706172,41.15178327,8.44000000
274.35206147,20.54884329,41.22876891,8.45000000
274.70997829,20.57060152,41.30551977,8.46000000
275.06863164,20.59233666,41.38202389,8.47000000
275.42802126,20.61404894,41.45826926,8.48000000
275.78814675,20.63573859,41.53424377,8.49000000
276.14900754,20.65740585,41.60993526,8.50000000
276.51060291,20.67905095,41.68533149,8.51000000
276.87293201,20.70067413,41.76042016,8.52000000
277.23599382,20.72227562,41.83518892,8.53000000
277.59978716,20.74385566,41.90962537,8.54000000
277.96431070,20.76541448,41.98371702,8.55000000
278.32956296,20.78695233,42.05745137,8.56000000
278.69554228,20.80846943,42.13081586,8.57000000
279.06224685,20.82996603,42.20379787,8.58000000
279.42967470,20.85144236,42.27638476,8.59000000
279.79782370,20.87289866,42.34856385,8.60000000
280.16669155,20.89433516,42.42032242,8.61000000
280.53627577,20.91575211,42.49164772,8.62000000
280.90657374,20.93714975,42.56252698,8.63000000
281.27758265,20.95852830,42.63294742,8.64000000
281.64929954,20.97988802,42.70289620,8.65000000
282.02172127,21.00122913,42.77236053,8.66000000
282.39484453,21.02255188,42.84132755,8.67000000
282.76866583,21.04385650,42.90978443,8.68000000
283.14318152,21.06514324,42.97771832,8.69000000
283.51838779,21.08641234,43.04511640,8.70000000
283.89428063,21.10766402,43.11196583,8.71000000
284.27085587,21.12889854,43.17825379,8.72000000
284.64810917,21.15011613,43.24396747,8.73000000
285.02603601,21.17131703,43.30909411,8.74000000
285.40463169,21.19250149,43.37362094,8.75000000
285.78389134,21.21366973,43.43753523,8.76000000
286.16380993,21.23482200,43.50082431,8.77000000
286.54438224,21.25595855,43.56347551,8.78000000
286.92560287,21.27707961,43.62547623,8.79000000
287.30746625,21.29818541,43.68681391,8.80000000
287.68996665,21.31927621,43.74747606,8.81000000
288.07309814,21.34035224,43.80745023,8.82000000
288.45685465,21.36141374,43.86672404,8.83000000
288.84122990,21.38246095,43.92528518,8.84000000
289.22621746,21.40349412,43.98312142,8.85000000
289.61181072,21.42451347,44.04022060,8.86000000
289.99800290,21.44551926,44.09657066,8.87000000
290.38478706,21.46651172,44.15215960,8.88000000
290.77215606,21.48749110,44.20697555,8.89000000
291.16010263,21.50845763,44.26100672,8.90000000
291.54861929,21.52941155,44.31424143,8.91000000
291.93769844,21.55035311,44.36666811,8.92000000
292.32733228,21.57128254,44.41827530,8.93000000
292.71751285,21.59220010,44.46905167,8.94000000
293.10823205,21.61310600,44.51898601,8.95000000
293.49948158,21.63400051,44.56806724,8.96000000
293.89125302,21.65488385,44.61628442,8.97000000
294.28353776,21.67575627,44.66362675,8.98000000
294.67632706,21.69661800,44.71008358,8.99000000
295.06961201,21.71746930,44.75564440,9.00000000
295.46338354,21.73831040,44.80029887,9.01000000
295.85763246,21.75914153,44.84403680,9.02000000
296.25234939,21.77996295,44.88684817,9.03000000
296.64752484,21.80077489,44.92872314,9.04000000
297.04314916,21.82157759,44.96965204,9.05000000
297.43921255,21.84237129,45.00962536,9.06000000
297.83570509,21.86315623,45.04863382,9.07000000
298.23261672,21.88393266,45.08666828,9.08000000
298.62993723,21.90470081,45.12371984,9.09000000
299.02765629,21.92546092,45.15977977,9.10000000
299.42576344,21.94621324,45.19483955,9.11000000
299.82424811,21.96695800,45.22889088,9.12000000
300.22309957,21.98769544,45.26192566,9.13000000
300.62230701,22.00842581,45.29393600,9.14000000
301.02185949,22.02914935,45.32491426,9.15000000
301.42174594,22.04986629,45.35485300,9.16000000
301.82195521,22.07057687,45.38374501,9.17000000
302.22247601,22.09128134,45.41158332,9.18000000
302.62329697,22.11197994,45.43836120,9.19000000
303.02440663,22.13267290,45.46407215,9.20000000
303.42579340,22.15336047,45.48870991,9.21000000
303.82744562,22.17404288,45.51226849,9.22000000
304.22935154,22.19472039,45.53474212,9.23000000
304.63149933,22.21539321,45.55612531,9.24000000
305.03387705,22.23606161,45.57641281,9.25000000
305.43647273,22.25672581,45.59559964,9.26000000
305.83927427,22.27738605,45.61368106,9.27000000
306.24226955,22.29804259,45.63065262,9.28000000
306.64544636,22.31869565,45.64651013,9.29000000
307.04879242,22.33934547,45.66124966,9.30000000
307.45229543,22.35999230,45.67486756,9.31000000
307.85594298,22.38063638,45.68736045,9.32000000
308.25972267,22.40127795,45.69872523,9.33000000
308.66362201,22.42191724,45.70895907,9.34000000
309.06762848,22.44255450,45.71805943,9.35000000
309.47172955,22.46318996,45.72602403,9.36000000
309.87591262,22.48382387,45.73285090,9.37000000
310.28016508,22.50445647,45.73853832,9.38000000
310.68447430,22.52508799,45.74308488,9.39000000
311.08882763,22.54571868,45.74648944,9.40000000
311.49321238,22.56634877,45.74875115,9.41000000
311.89761588,22.58697851,45.74986945,9.42000000
312.30202545,22.60760814,45.74984405,9.43000000
312.70642839,22.62823788,45.74867497,9.44000000
313.11081202,22.64886800,45.74636249,9.45000000
313.51516365,22.66949872,45.74290720,9.46000000
313.91947062,22.69013028,45.73830995,9.47000000
314.32372027,22.71076293,45.73257190,9.48000000
314.72789997,22.73139691,45.72569447,9.49000000
315.13199710,22.75203245,45.71767939,9.50000000
315.53599908,22.77266979,45.70852864,9.51000000
315.93989337,22.79330918,45.69824452,9.52000000
316.34366745,22.81395085,45.68682959,9.53000000
316.74730886,22.83459505,45.67428667,9.54000000
317.15080515,22.85524201,45.66061888,9.55000000
317.55414396,22.87589197,45.64582963,9.56000000
317.95731297,22.89654518,45.62992256,9.57000000
318.36029990,22.91720187,45.61290162,9.58000000
318.76309256,22.93786229,45.59477101,9.59000000
319.16567881,22.95852667,45.57553521,9.60000000
319.56804658,22.97919526,45.55519894,9.61000000
319.97018388,22.99986829,45.53376722,9.62000000
320.37207878,23.02054600,45.51124528,9.63000000
320.77371947,23.04122864,45.48763866,9.64000000
321.17509418,23.06191644,45.46295310,9.65000000
321.57619126,23.08260965,45.43719464,9.66000000
321.97699914,23.10330850,45.41036953,9.67000000
322.37750634,23.12401324,45.38248429,9.68000000
322.77770151,23.14472410,45.35354564,9.69000000
323.17757337,23.16544133,45.32356059,9.70000000
323.57711076,23.18616516,45.29253634,9.71000000
323.97630262,23.20689584,45.26048033,9.72000000
324.37513803,23.22763360,45.22740024,9.73000000
324.77360615,23.24837869,45.19330396,9.74000000
325.17169630,23.26913135,45.15819958,9.75000000
325.56939788,23.28989181,45.12209543,9.76000000
325.96670045,23.31066033,45.08500004,9.77000000
326.36359368,23.33143713,45.04692213,9.78000000
326.76006737,23.35222245,45.00787064,9.79000000
327.15611148,23.37301655,44.96785468,9.80000000
327.55171607,23.39381965,44.92688357,9.81000000
327.94687136,23.41463201,44.88496681,9.82000000
328.34156771,23.43545385,44.84211408,9.83000000
328.73579562,23.45628543,44.79833523,9.84000000
329.12954574,23.47712697,44.75364030,9.85000000
329.52280887,23.49797873,44.70803947,9.86000000
329.91557595,23.51884093,44.66154309,9.87000000
330.30783809,23.53971383,44.61416168,9.88000000
330.69958653,23.56059766,44.56590590,9.89000000
331.09081269,23.58149267,44.51678655,9.90000000
331.48150814,23.60239909,44.46681458,9.91000000
331.87166460,23.62331716,44.41600108,9.92000000
332.26127398,23.64424713,44.36435726,9.93000000
332.65032831,23.66518923,44.31189445,9.94000000
333.03881982,23.68614371,44.25862413,9.95000000
333.42674090,23.70711080,44.20455786,9.96000000
333.81408408,23.72809076,44.14970733,9.97000000
334.20084210,23.74908380,44.09408433,9.98000000
334.58700783,23.77009019,44.03770076,9.99000000
334.97257433,23.79111016,43.98056859,10.00000000
335.35753484,23.81214394,43.92269990,10.01000000
335.74188275,23.83319178,43.86410685,10.02000000
336.12561163,23.85425392,43.80480168,10.03000000
336.50871523,23.87533060,43.74479669,10.04000000
336.89118746,23.89642206,43.68410428,10.05000000
337.27302242,23.91752854,43.62273689,10.06000000
337.65421438,23.93865028,43.56070701,10.07000000
338.03475777,23.95978751,43.49802722,10.08000000
338.41464720,23.98094049,43.43471011,10.09000000
338.79387748,24.00210945,43.37076834,10.10000000
339.17244356,24.02329463,43.30621461,10.11000000
339.55034059,24.04449627,43.24106163,10.12000000
339.92756387,24.06571461,43.17532217,10.13000000
340.30410890,24.08694988,43.10900901,10.14000000
340.67997133,24.10820234,43.04213494,10.15000000
341.05514702,24.12947221,42.97471280,10.16000000
341.42963196,24.15075974,42.90675541,10.17000000
341.80342234,24.17206516,42.83827560,10.18000000
342.17651451,24.19338872,42.76928622,10.19000000
342.54890501,24.21473065,42.69980011,10.20000000
342.92059052,24.23609120,42.62983011,10.21000000
343.29156793,24.25747060,42.55938903,10.22000000
343.66183426,24.27886908,42.48848969,10.23000000
344.03138672,24.30028690,42.41714488,10.24000000
344.40022270,24.32172428,42.34536736,10.25000000
344.76833972,24.34318146,42.27316990,10.26000000
345.13573550,24.36465869,42.20056519,10.27000000
345.50240790,24.38615619,42.12756592,10.28000000
345.86835497,24.40767421,42.05418474,10.29000000
346.23357490,24.42921298,41.98043426,10.30000000
346.59806605,24.45077274,41.90632703,10.31000000
346.96182693,24.47235373,41.83187556,10.32000000
347.32485622,24.49395618,41.75709233,10.33000000
347.68715276,24.51558032,41.68198974,10.34000000
348.04871553,24.53722640,41.60658014,10.35000000
348.40954368,24.55889465,41.53087582,10.36000000
348.76963650,24.58058530,41.45488903,10.37000000
349.12899343,24.60229859,41.37863191,10.38000000
349.48761408,24.62403475,41.30211657,10.39000000
349.84549819,24.64579402,41.22535504,10.40000000
350.20264563,24.66757662,41.14835925,10.41000000
350.55905646,24.68938280,41.07114109,10.42000000
350.91473084,24.71121278,40.99371236,10.43000000
351.26966910,24.73306681,40.91608476,10.44000000
351.62387168,24.75494509,40.83826993,10.45000000
351.97733919,24.77684788,40.76027941,10.46000000
352.33007235,24.79877540,40.68212467,10.47000000
352.68207203,24.82072788,40.60381707,10.48000000
353.03333921,24.84270556,40.52536788,10.49000000
353.38387503,24.86470865,40.44678829,10.50000000
353.73368074,24.88673739,40.36808939,10.51000000
354.08275772,24.90879200,40.28928217,10.52000000
354.43110746,24.93087272,40.21037751,10.53000000
354.77873160,24.95297977,40.13138622,10.54000000
355.12563189,24.97511338,40.05231899,10.55000000
355.47181018,24.99727377,39.97318639,10.56000000
355.81726845,25.01946116,39.89399891,10.57000000
356.16200881,25.04167579,39.81476694,10.58000000
356.50603345,25.06391787,39.73550074,10.59000000
356.84934469,25.08618762,39.65621048,10.60000000
357.19194496,25.10848528,39.57690621,10.61000000
357.53383680,25.13081105,39.49759787,10.62000000
357.87502283,25.15316517,39.41829531,10.63000000
358.21550579,25.17554784,39.33900824,10.64000000
358.55528852,25.19795928,39.25974628,10.65000000
358.89437396,25.22039972,39.18051892,10.66000000
359.23276514,25.24286937,39.10133556,10.67000000
359.57046519,25.26536845,39.02220546,10.68000000
359.90747731,25.28789717,38.94313779,10.69000000
360.24380483,25.31045574,38.86414158,10.70000000
360.57945113,25.33304437,38.78522576,10.71000000
360.91441970,25.35566328,38.70639915,10.72000000
361.24871410,25.37831268,38.62767045,10.73000000
361.58233799,25.40099277,38.54904824,10.74000000
361.91529507,25.42370377,38.47054098,10.75000000
362.24758918,25.44644587,38.39215702,10.76000000
362.57922417,25.46921929,38.31390461,10.77000000
362.91020401,25.49202423,38.23579186,10.78000000
363.24053272,25.51486088,38.15782677,10.79000000
363.57021440,25.53772946,38.08001724,10.80000000
363.89925322,25.56063016,38.00237103,10.81000000
364.22765340,25.58356318,37.92489581,10.82000000
364.55541923,25.60652871,37.84759911,10.83000000
364.88255508,25.62952696,37.77048837,10.84000000
365.20906537,25.65255811,37.69357091,10.85000000
365.53495456,25.67562236,37.61685391,10.86000000
365.86022718,25.69871989,37.54034448,10.87000000
366.18488783,25.72185090,37.46404959,10.88000000
366.50894114,25.74501557,37.38797609,10.89000000
366.83239180,25.76821408,37.31213075,10.90000000
367.15524456,25.79144663,37.23652020,10.91000000
367.47750419,25.81471339,37.16115098,10.92000000
367.79917552,25.83801454,37.08602950,10.93000000
368.12026344,25.86135026,37.01116207,10.94000000
368.44077286,25.88472072,36.93655490,10.95000000
368.76070873,25.90812611,36.86221409,10.96000000
369.08007605,25.93156657,36.78814561,10.97000000
369.39887986,25.95504230,36.71435536,10.98000000
369.71712522,25.97855345,36.64084911,10.99000000
370.03481722,26.00210019,36.56763254,11.00000000
370.35196100,26.02568268,36.49471121,11.01000000
370.66856173,26.04930109,36.42209059,11.02000000
370.98462459,26.07295556,36.34977604,11.03000000
371.30015480,26.09664625,36.27777284,11.04000000
371.61515759,26.12037333,36.20608613,11.05000000
371.92963824,26.14413692,36.13472100,11.06000000
372.24360203,26.16793720,36.06368240,11.07000000
372.55705426,26.19177429,35.99297520,11.08000000
372.87000027,26.21564834,35.92260418,11.09000000
373.18244539,26.23955949,35.85257403,11.10000000
373.49439498,26.26350788,35.78288931,11.11000000
373.80585442,26.28749363,35.71355453,11.12000000
374.11682909,26.31151689,35.64457409,11.13000000
374.42732438,26.33557777,35.57595230,11.14000000
374.73734571,26.35967640,35.50769337,11.15000000
375.04689848,26.38381291,35.43980144,11.16000000
375.35598812,26.40798740,35.37228054,11.17000000
375.66462006,26.43220000,35.30513465,11.18000000
375.97279972,26.45645081,35.23836763,11.19000000
376.28053255,26.48073995,35.17198327,11.20000000
376.58782397,26.50506752,35.10598526,11.21000000
376.89467942,26.52943361,35.04037724,11.22000000
377.20110434,26.55383833,34.97516275,11.23000000
377.50710416,26.57828177,34.91034525,11.24000000
377.81268430,26.60276402,34.84592811,11.25000000
378.11785019,26.62728516,34.78191465,11.26000000
378.42260725,26.65184528,34.71830809,11.27000000
378.72696089,26.67644446,34.65511159,11.28000000
379.03091650,26.70108276,34.59232822,11.29000000
379.33447949,26.72576027,34.52996100,11.30000000
379.63765522,26.75047704,34.46801285,11.31000000
379.94044907,26.77523314,34.40648663,11.32000000
380.24286639,26.80002862,34.34538515,11.33000000
380.54491252,26.82486354,34.28471113,11.34000000
380.84659278,26.84973795,34.22446721,11.35000000
381.14791249,26.87465189,34.16465600,11.36000000
381.44887694,26.89960540,34.10528001,11.37000000
381.74949138,26.92459852,34.04634171,11.38000000
382.04976109,26.94963127,33.98784349,11.39000000
382.34969128,26.97470369,33.92978769,11.40000000
382.64928716,26.99981579,33.87217658,11.41000000
382.94855393,27.02496759,33.81501238,11.42000000
383.24749673,27.05015910,33.75829724,11.43000000
383.54612071,27.07539032,33.70203326,11.44000000
383.84443099,27.10066126,33.64622248,11.45000000
384.14243263,27.12597192,33.59086688,11.46000000
384.44013071,27.15132227,33.53596839,11.47000000
384.73753024,27.17671232,33.48152889,11.48000000
385.03463623,27.20214203,33.42755021,11.49000000
385.33145364,27.22761139,33.37403410,11.50000000
385.62798741,27.25312035,33.32098230,11.51000000
385.92424245,27.27866889,33.26839647,11.52000000
386.22022362,27.30425697,33.21627824,11.53000000
386.51593577,27.32988452,33.16462918,11.54000000
386.81138370,27.35555151,33.11345082,11.55000000
387.10657217,27.38125786,33.06274463,11.56000000
387.40150593,27.40700352,33.01251207,11.57000000
387.69618966,27.43278842,32.96275451,11.58000000
387.99062802,27.45861246,32.91347332,11.59000000
388.28482564,27.48447558,32.86466979,11.60000000
388.57878709,27.51037768,32.81634520,11.61000000
388.87251693,27.53631866,32.76850077,11.62000000
389.16601964,27.56229842,32.72113769,11.63000000
389.45929969,27.58831686,32.67425711,11.64000000
389.75236151,27.61437386,32.62786013,11.65000000
390.04520946,27.64046929,32.58194783,11.66000000
390.33784789,27.66660303,32.53652126,11.67000000
390.63028109,27.69277494,32.49158140,11.68000000
390.92251330,27.71898488,32.44712924,11.69000000
391.21454873,27.74523271,32.40316571,11.70000000
391.50639154,27.77151827,32.35969170,11.71000000
391.79804585,27.79784140,32.31670809,11.72000000
392.08951572,27.82420192,32.27421573,11.73000000
392.38080518,27.85059967,32.23221541,11.74000000
392.67191821,27.87703447,32.19070792,11.75000000
392.96285873,27.90350611,32.14969402,11.76000000
393.25363063,27.93001442,32.10917441,11.77000000
393.54423774,27.95655918,32.06914981,11.78000000
393.83468385,27.98314018,32.02962087,11.79000000
394.12497271,28.00975721,31.99058824,11.80000000
394.41510799,28.03641005,31.95205255,11.81000000
394.70509335,28.06309846,31.91401437,11.82000000
394.99493238,28.08982220,31.87647429,11.83000000
395.28462862,28.11658104,31.83943285,11.84000000
395.57418556,28.14337471,31.80289057,11.85000000
395.86360666,28.17020296,31.76684796,11.86000000
396.15289530,28.19706551,31.73130550,11.87000000
396.44205483,28.22396211,31.69626364,11.88000000
396.73108856,28.25089246,31.66172283,11.89000000
397.01999971,28.27785627,31.62768349,11.90000000
397.30879150,28.30485326,31.59414603,11.91000000
397.59746705,28.33188311,31.56111082,11.92000000
397.88602948,28.35894552,31.52857823,11.93000000
398.17448182,28.38604016,31.49654862,11.94000000
398.46282707,28.41316672,31.46502231,11.95000000
398.75106817,28.44032487,31.43399963,11.96000000
399.03920802,28.46751426,31.40348087,11.97000000
399.32724947,28.49473454,31.37346632,11.98000000
399.61519530,28.52198537,31.34395626,11.99000000
399.90304827,28.54926638,31.31495094,12.00000000
400.19081107,28.57657721,31.28645061,12.01000000
400.47848634,28.60391747,31.25845549,12.02000000
400.76607669,28.63128680,31.23096582,12.03000000
401.05358467,28.65868479,31.20398180,12.04000000
401.34101277,28.68611106,31.17750363,12.05000000
401.62836346,28.71356521,31.15153148,12.06000000
401.91563913,28.74104681,31.12606554,12.07000000
402.20284215,28.76855546,31.10110597,12.08000000
402.48997482,28.79609073,31.07665292,12.09000000
402.77703942,28.82365220,31.05270655,12.10000000
403.06403815,28.85123943,31.02926698,12.11000000
403.35097320,28.87885197,31.00633434,12.12000000
403.63784669,28.90648937,30.98390876,12.13000000
403.92466071,28.93415119,30.96199034,12.14000000
404.21141729,28.96183695,30.94057919,12.15000000
404.49811844,28.98954620,30.91967540,12.16000000
404.78476610,29.01727845,30.89927907,12.17000000
405.07136219,29.04503322,30.87939028,12.18000000
405.35790858,29.07281004,30.86000911,12.19000000
405.64440710,29.10060840,30.84113563,12.20000000
405.93085954,29.12842781,30.82276990,12.21000000
406.21726764,29.15626776,30.80491199,12.22000000
406.50363312,29.18412775,30.78756195,12.23000000
406.78995766,29.21200726,30.77071983,12.24000000
407.07624288,29.23990578,30.75438569,12.25000000
407.36249040,29.26782277,30.73855955,12.26000000
407.64870176,29.29575770,30.72324147,12.27000000
407.93487852,29.32371005,30.70843147,12.28000000
408.22102215,29.35167927,30.69412959,12.29000000
408.50713413,29.37966482,30.68033585,12.30000000
408.79321589,29.40766614,30.66705029,12.31000000
409.07926883,29.43568268,30.65427293,12.32000000
409.36529433,29.46371389,30.64200378,12.33000000
409.65129371,29.49175921,30.63024286,12.34000000
409.93726831,29.51981806,30.61899019,12.35000000
410.22321941,29.54788987,30.60824579,12.36000000
410.50914827,29.57597408,30.59800966,12.37000000
410.79505614,29.60407011,30.58828182,12.38000000
411.08094421,29.63217737,30.57906227,12.39000000
411.36681370,29.66029528,30.57035103,12.40000000
411.65266576,29.68842326,30.56214809,12.41000000
411.93850156,29.71656071,30.55445347,12.42000000
412.22432221,29.74470704,30.54726717,12.43000000
412.51012884,29.77286166,30.54058918,12.44000000
412.79592255,29.80102396,30.53441953,12.45000000
413.08170440,29.82919335,30.52875820,12.46000000
413.36747548,29.85736924,30.52360520,12.47000000
413.65323683,29.88555100,30.51896053,12.48000000
413.93898950,29.91373804,30.51482419,12.49000000
414.22473451,29.94192975,30.51119619,12.50000000
414.51047290,29.97012552,30.50807652,12.51000000
414.79620567,29.99832474,30.50546518,12.52000000
415.08193382,30.02652680,30.50336217,12.53000000
415.36765837,30.05473109,30.50176750,12.54000000
415.65338030,30.08293700,30.50068116,12.55000000
415.93910062,30.11114391,30.50010315,12.56000000
416.22482030,30.13935121,30.50003348,12.57000000
416.51054034,30.16755829,30.50047214,12.58000000
416.79626173,30.19576453,30.50141913,12.59000000
417.08198546,30.22396933,30.50287446,12.60000000
417.36771253,30.25217206,30.50483812,12.61000000
417.65344393,30.28037212,30.50731012,12.62000000
417.93918068,30.30856890,30.51029044,12.63000000
418.22492377,30.33676178,30.51377910,12.64000000
418.51067424,30.36495016,30.51777609,12.65000000
418.79643311,30.39313343,30.52228142,12.66000000
419.08220141,30.42131098,30.52729507,12.67000000
419.36798021,30.44948221,30.53281706,12.68000000
419.65377056,30.47764652,30.53884737,12.69000000
419.93957354,30.50580331,30.54538601,12.70000000
420.22539024,30.53395197,30.55243297,12.71000000
420.51122177,30.56209191,30.55998825,12.72000000
420.79706926,30.59022254,30.56805184,12.73000000
421.08293386,30.61834327,30.57662375,12.74000000
421.36881672,30.64645351,30.58570396,12.75000000
421.65471904,30.67455268,30.59529247,12.76000000
421.94064202,30.70264018,30.60538927,12.77000000
422.22658690,30.73071545,30.61599434,12.78000000
422.51255493,30.75877792,30.62710768,12.79000000
422.79854739,30.78682700,30.63872928,12.80000000
423.08456560,30.81486213,30.65085911,12.81000000
423.37061088,30.84288275,30.66349716,12.82000000
423.65668460,30.87088830,30.67664342,12.83000000
423.94278815,30.89887822,30.69029785,12.84000000
424.22892297,30.92685197,30.70446044,12.85000000
424.51509049,30.95480900,30.71913116,12.86000000
424.80129222,30.98274876,30.73430996,12.87000000
425.08752967,31.01067072,30.74999684,12.88000000
425.37380440,31.03857436,30.76619173,12.89000000
425.66011800,31.06645913,30.78289461,12.90000000
425.94647209,31.09432452,30.80010542,12.91000000
426.23286835,31.12217002,30.81782412,12.92000000
426.51930846,31.14999511,30.83605065,12.93000000
426.80579417,31.17779929,30.85478495,12.94000000
427.09232725,31.20558206,30.87402696,12.95000000
427.37890954,31.23334293,30.89377660,12.96000000
427.66554287,31.26108140,30.91403381,12.97000000
427.95222917,31.28879700,30.93479850,12.98000000
428.23897036,31.31648924,30.95607058,12.99000000
428.52576843,31.34415767,30.97784995,13.00000000
428.81262541,31.37180181,31.00013652,13.01000000
429.09954338,31.39942121,31.02293018,13.02000000
429.38652444,31.42701542,31.04623080,13.03000000
429.67357076,31.45458400,31.07003826,13.04000000
429.96068455,31.48212649,31.09435243,13.05000000
430.24786806,31.50964248,31.11917317,13.06000000
430.53512358,31.53713154,31.14450032,13.07000000
430.82245346,31.56459325,31.17033372,13.08000000
431.10986010,31.59202721,31.19667320,13.09000000
431.39734594,31.61943299,31.22351857,13.10000000
431.68491346,31.64681022,31.25086965,13.11000000
431.97256520,31.67415849,31.27872623,13.12000000
432.26030374,31.70147742,31.30708809,13.13000000
432.54813173,31.72876664,31.33595501,13.14000000
432.83605183,31.75602578,31.36532673,13.15000000
433.12406679,31.78325447,31.39520302,13.16000000
433.41217939,31.81045236,31.42558359,13.17000000
433.70039245,31.83761911,31.45646816,13.18000000
433.98870886,31.86475436,31.48785645,13.19000000
434.27713154,31.89185779,31.51974813,13.20000000
434.56566349,31.91892906,31.55214287,13.21000000
434.85430773,31.94596787,31.58504034,13.22000000
435.14306735,31.97297390,31.61844016,13.23000000
435.43194546,31.99994683,31.65234196,13.24000000
435.72094527,32.02688639,31.68674535,13.25000000
436.01006999,32.05379226,31.72164990,13.26000000
436.29932291,32.08066418,31.75705518,13.27000000
436.58870736,32.10750186,31.79296074,13.28000000
436.87822672,32.13430503,31.82936609,13.29000000
437.16788443,32.16107344,31.86627075,13.30000000
437.45768397,32.18780683,31.90367420,13.31000000
437.74762886,32.21450495,31.94157589,13.32000000
438.03772269,32.24116756,31.97997526,13.33000000
438.32796908,32.26779443,32.01887173,13.34000000
438.61837171,32.29438533,32.05826468,13.35000000
438.90893432,32.32094005,32.09815348,13.36000000
439.19966066,32.34745836,32.13853746,13.37000000
439.49055458,32.37394008,32.17941594,13.38000000
439.78161992,32.40038499,32.22078820,13.39000000
440.07286063,32.42679292,32.26265349,13.40000000
440.36428064,32.45316366,32.30501106,13.41000000
440.65588399,32.47949706,32.34786008,13.42000000
440.94767472,32.50579293,32.39119975,13.43000000
441.23965694,32.53205112,32.43502918,13.44000000
441.53183479,32.55827146,32.47934749,13.45000000
441.82421247,32.58445382,32.52415375,13.46000000
442.11679422,32.61059803,32.56944700,13.47000000
442.40958431,32.63670398,32.61522625,13.48000000
442.70258707,32.66277152,32.66149047,13.49000000
442.99580686,32.68880054,32.70823860,13.50000000
443.28924809,32.71479092,32.75546953,13.51000000
443.58291522,32.74074254,32.80318213,13.52000000
443.87681273,32.76665531,32.85137522,13.53000000
444.17094516,32.79252912,32.90004758,13.54000000
444.46531707,32.81836389,32.94919796,13.55000000
444.75993308,32.84415952,32.99882507,13.56000000
445.05479783,32.86991594,33.04892756,13.57000000
445.34991601,32.89563308,33.09950405,13.58000000
445.64529234,32.92131086,33.15055312,13.59000000
445.94093159,32.94694923,33.20207331,13.60000000
446.23683853,32.97254813,33.25406308,13.61000000
446.53301802,32.99810751,33.30652089,13.62000000
446.82947489,33.02362733,33.35944512,13.63000000
447.12621406,33.04910755,33.41283412,13.64000000
447.42324045,33.07454813,33.46668618,13.65000000
447.72055902,33.09994905,33.52099954,13.66000000
448.01817476,33.12531029,33.57577239,13.67000000
448.31609269,33.15063183,33.63100288,13.68000000
448.61431785,33.17591366,33.68668908,13.69000000
448.91285533,33.20115577,33.74282903,13.70000000
449.21171023,33.22635817,33.79942070,13.71000000
449.51088768,33.25152085,33.85646201,13.72000000
449.81039283,33.27664383,33.91395083,13.73000000
450.11023086,33.30172712,33.97188495,13.74000000
450.41040698,33.32677075,34.03026212,13.75000000
450.71092640,33.35177473,34.08908002,13.76000000
451.01179438,33.37673909,34.14833627,13.77000000
451.31301618,33.40166387,34.20802843,13.78000000
451.61459708,33.42654911,34.26815399,13.79000000
451.91654239,33.45139486,34.32871037,13.80000000
452.21885743,33.47620114,34.38969495,13.81000000
452.52154753,33.50096803,34.45110501,13.82000000
452.82461804,33.52569558,34.51293778,13.83000000
453.12807434,33.55038384,34.57519041,13.84000000
453.43192179,33.57503289,34.63786000,13.85000000
453.73616578,33.59964278,34.70094356,13.86000000
454.04081171,33.62421360,34.76443802,13.87000000
454.34586500,33.64874542,34.82834026,13.88000000
454.65133105,33.67323832,34.89264706,13.89000000
454.95721528,33.69769239,34.95735515,13.90000000
455.26352313,33.72210771,35.02246116,13.91000000
455.57026002,33.74648439,35.08796165,13.92000000
455.87743139,33.77082250,35.15385311,13.93000000
456.18504268,33.79512217,35.22013193,13.94000000
456.49309931,33.81938347,35.28679443,13.95000000
456.80160673,33.84360654,35.35383685,13.96000000
457.11057037,33.86779147,35.42125533,13.97000000
457.41999564,33.89193837,35.48904595,13.98000000
457.72988799,33.91604738,35.55720469,13.99000000
458.04025282,33.94011859,35.62572743,14.00000000
458.35109554,33.96415215,35.69460998,14.01000000
458.66242156,33.98814817,35.76384806,14.02000000
458.97423625,34.01210679,35.83343729,14.03000000
459.28654501,34.03602814,35.90337321,14.04000000
459.59935318,34.05991234,35.97365125,14.05000000
459.91266611,34.08375955,36.04426676,14.06000000
460.22648914,34.10756990,36.11521500,14.07000000
460.54082758,34.13134354,36.18649111,14.08000000
460.85568672,34.15508061,36.25809017,14.09000000
461.17107182,34.17878126,36.33000712,14.10000000
461.48698815,34.20244565,36.40223684,14.11000000
461.80344092,34.22607392,36.47477409,14.12000000
462.12043532,34.24966624,36.54761353,14.13000000
462.43797654,34.27322277,36.62074972,14.14000000
462.75606970,34.29674366,36.69417712,14.15000000
463.07471991,34.32022908,36.76789009,14.16000000
463.39393226,34.34367920,36.84188288,14.17000000
463.71371178,34.36709418,36.91614963,14.18000000
464.03406348,34.39047419,36.99068439,14.19000000
464.35499233,34.41381942,37.06548108,14.20000000
464.67650325,34.43713003,37.14053355,14.21000000
464.99860113,34.46040620,37.21583549,14.22000000
465.32129082,34.48364811,37.29138054,14.23000000
465.64457711,34.50685593,37.36716217,14.24000000
465.96846475,34.53002987,37.44317379,14.25000000
466.29295845,34.55317008,37.51940867,14.26000000
466.61806286,34.57627677,37.59585998,14.27000000
466.94378258,34.59935013,37.67252078,14.28000000
467.27012216,34.62239033,37.74938400,14.29000000
467.59708609,34.64539757,37.82644248,14.30000000
467.92467880,34.66837206,37.90368894,14.31000000
468.25290466,34.69131397,37.98111597,14.32000000
468.58176798,34.71422351,38.05871606,14.33000000
468.91127303,34.73710087,38.13648159,14.34000000
469.24142396,34.75994626,38.21440482,14.35000000
469.57222491,34.78275987,38.29247788,14.36000000
469.90367991,34.80554191,38.37069282,14.37000000
470.23579295,34.82829258,38.44904152,14.38000000
470.56856791,34.85101208,38.52751581,14.39000000
470.90200864,34.87370062,38.60610735,14.40000000
471.23611887,34.89635841,38.68480771,14.41000000
471.57090228,34.91898566,38.76360834,14.42000000
471.90636245,34.94158257,38.84250057,14.43000000
472.24250289,34.96414936,38.92147563,14.44000000
472.57932701,34.98668624,39.00052461,14.45000000
472.91683816,35.00919342,39.07963850,14.46000000
473.25503957,35.03167112,39.15880818,14.47000000
473.59393439,35.05411954,39.23802441,14.48000000
473.93352568,35.07653892,39.31727782,14.49000000
474.27381641,35.09892945,39.39655896,14.50000000
474.61480944,35.12129137,39.47585824,14.51000000
474.95650753,35.14362489,39.55516597,14.52000000
475.29891334,35.16593023,39.63447234,14.53000000
475.64202945,35.18820762,39.71376744,14.54000000
475.98585829,35.21045726,39.79304124,14.55000000
476.33040223,35.23267939,39.87228361,14.56000000
476.67566349,35.25487423,39.95148431,14.57000000
477.02164421,35.27704200,40.03063299,14.58000000
477.36834639,35.29918292,40.10971919,14.59000000
477.71577192,35.32129723,40.18873236,14.60000000
478.06392260,35.34338515,40.26766183,14.61000000
478.41280007,35.36544689,40.34649684,14.62000000
478.76240587,35.38748270,40.42522653,14.63000000
479.11274142,35.40949280,40.50383992,14.64000000
479.46380801,35.43147742,40.58232596,14.65000000
479.81560679,35.45343678,40.66067349,14.66000000
480.16813879,35.47537112,40.73887127,14.67000000
480.52140492,35.49728067,40.81690794,14.68000000
480.87540593,35.51916565,40.89477207,14.69000000
481.23014247,35.54102630,40.97245215,14.70000000
481.58561503,35.56286285,41.04993656,14.71000000
481.94182396,35.58467553,41.12721361,14.72000000
482.29876947,35.60646458,41.20427153,14.73000000
482.65645165,35.62823022,41.28109847,14.74000000
483.01487041,35.64997269,41.35768249,14.75000000
483.37402555,35.67169222,41.43401159,14.76000000
483.73391669,35.69338906,41.51007369,14.77000000
484.09454333,35.71506342,41.58585666,14.78000000
484.45590481,35.73671556,41.66134826,14.79000000
484.81800030,35.75834569,41.73653624,14.80000000
485.18082883,35.77995406,41.81140825,14.81000000
485.54438930,35.80154091,41.88595190,14.82000000
485.90868040,35.82310647,41.96015473,14.83000000
486.27370071,35.84465097,42.03400426,14.84000000
486.63944863,35.86617465,42.10748793,14.85000000
487.00592239,35.88767776,42.18059314,14.86000000
487.37312008,35.90916052,42.25330726,14.87000000
487.74103961,35.93062317,42.32561763,14.88000000
488.10967874,35.95206595,42.39751153,14.89000000
488.47903506,35.97348911,42.46897622,14.90000000
488.84910597,35.99489287,42.53999895,14.91000000
489.21988874,36.01627748,42.61056692,14.92000000
489.59138045,36.03764317,42.68066734,14.93000000
489.96357802,36.05899018,42.75028737,14.94000000
490.33647818,36.08031875,42.81941419,14.95000000
490.71007752,36.10162912,42.88803496,14.96000000
491.08437244,36.12292153,42.95613683,14.97000000
491.45935917,36.14419622,43.02370698,14.98000000
491.83503376,36.16545343,43.09073256,14.99000000
492.21139210,36.18669339,43.15720075,15.00000000
492.58842989,36.20791634,43.22309875,15.01000000
492.96614269,36.22912253,43.28841377,15.02000000
493.34452584,36.25031220,43.35313304,15.03000000
493.72357454,36.27148558,43.41724382,15.04000000
494.10328380,36.29264292,43.48073342,15.05000000
494.48364845,36.31378445,43.54358918,15.06000000
494.86466316,36.33491041,43.60579846,15.07000000
495.24632243,36.35602105,43.66734870,15.08000000
495.62862055,36.37711660,43.72822738,15.09000000
496.01155167,36.39819731,43.78842204,15.10000000
496.39510977,36.41926341,43.84792027,15.11000000
496.77928862,36.44031515,43.90670975,15.12000000
497.16408185,36.46135276,43.96477822,15.13000000
497.54948290,36.48237649,44.02211349,15.14000000
497.93548505,36.50338657,44.07870347,15.15000000
498.32208141,36.52438325,44.13453615,15.16000000
498.70926491,36.54536677,44.18959960,15.17000000
499.09702830,36.56633737,44.24388202,15.18000000
499.48536419,36.58729528,44.29737169,15.19000000
499.87426501,36.60824075,44.35005700,15.20000000
500.26372302,36.62917402,44.40192646,15.21000000
500.65373032,36.65009533,44.45296869,15.22000000
501.04427883,36.67100492,44.50317245,15.23000000
501.43536035,36.69190303,44.55252662,15.24000000
501.82696647,36.71278990,44.60102020,15.25000000
502.21908865,36.73366577,44.64864237,15.26000000
502.61171819,36.75453089,44.69538240,15.27000000
503.00484623,36.77538548,44.74122976,15.28000000
503.39846377,36.79622980,44.78617404,15.29000000
503.79256163,36.81706409,44.83020502,15.30000000
504.18713051,36.83788857,44.87331260,15.31000000
504.58216095,36.85870351,44.91548690,15.32000000
504.97764334,36.87950912,44.95671819,15.33000000
505.37356795,36.90030566,44.99699691,15.34000000
505.76992488,36.92109337,45.03631371,15.35000000
506.16670412,36.94187248,45.07465939,15.36000000
506.56389550,36.96264324,45.11202499,15.37000000
506.96148874,36.98340589,45.14840172,15.38000000
507.35947341,37.00416066,45.18378099,15.39000000
507.75783898,37.02490780,45.21815443,15.40000000
508.15657478,37.04564755,45.25151388,15.41000000
508.55567002,37.06638015,45.28385138,15.42000000
508.95511378,37.08710584,45.31515921,15.43000000
509.35489506,37.10782485,45.34542986,15.44000000
509.75500272,37.12853743,45.37465605,15.45000000
510.15542552,37.14924383,45.40283074,15.46000000
510.55615211,37.16994427,45.42994712,15.47000000
510.95717106,37.19063900,45.45599860,15.48000000
511.35847082,37.21132826,45.48097887,15.49000000
511.76003976,37.23201229,45.50488184,15.50000000
512.16186615,37.25269133,45.52770167,15.51000000
512.56393819,37.27336562,45.54943279,15.52000000
512.96624397,37.29403540,45.57006985,15.53000000
513.36877152,37.31470091,45.58960780,15.54000000
513.77150881,37.33536239,45.60804182,15.55000000
514.17444370,37.35602008,45.62536738,15.56000000
514.57756401,37.37667422,45.64158018,15.57000000
514.98085750,37.39732505,45.65667623,15.58000000
515.38431185,37.41797281,45.67065179,15.59000000
515.78791471,37.43861774,45.68350338,15.60000000
516.19165366,37.45926008,45.69522782,15.61000000
516.59551624,37.47990007,45.70582219,15.62000000
516.99948995,37.50053795,45.71528385,15.63000000
517.40356225,37.52117396,45.72361046,15.64000000
517.80772057,37.54180834,45.73079992,15.65000000
518.21195230,37.56244132,45.73685046,15.66000000
518.61624482,37.58307316,45.74176056,15.67000000
519.02058546,37.60370409,45.74552898,15.68000000
519.42496158,37.62433435,45.74815480,15.69000000
519.82936049,37.64496417,45.74963736,15.70000000
520.23376950,37.66559381,45.74997628,15.71000000
520.63817593,37.68622349,45.74917148,15.72000000
521.04256709,37.70685346,45.74722316,15.73000000
521.44693029,37.72748396,45.74413180,15.74000000
521.85125286,37.74811523,45.73989819,15.75000000
522.25552214,37.76874751,45.73452338,15.76000000
522.65972548,37.78938104,45.72800870,15.77000000
523.06385028,37.81001605,45.72035580,15.78000000
523.46788394,37.83065279,45.71156656,15.79000000
523.87181389,37.85129150,45.70164319,15.80000000
524.27562762,37.87193242,45.69058816,15.81000000
524.67931264,37.89257579,45.67840421,15.82000000
525.08285650,37.91322184,45.66509438,15.83000000
525.48624681,37.93387082,45.65066196,15.84000000
525.88947124,37.95452297,45.63511054,15.85000000
526.29251750,37.97517853,45.61844396,15.86000000
526.69537336,37.99583774,45.60066634,15.87000000
527.09802667,38.01650083,45.58178207,15.88000000
527.50046534,38.03716805,45.56179581,15.89000000
527.90267734,38.05783964,45.54071246,15.90000000
528.30465075,38.07851583,45.51853720,15.91000000
528.70637369,38.09919688,45.49527547,15.92000000
529.10783439,38.11988301,45.47093295,15.93000000
529.50902116,38.14057447,45.44551558,15.94000000
529.90992241,38.16127149,45.41902953,15.95000000
530.31052663,38.18197433,45.39148125,15.96000000
530.71082242,38.20268322,45.36287740,15.97000000
531.11079848,38.22339839,45.33322489,15.98000000
531.51044361,38.24412009,45.30253085,15.99000000
531.90974673,38.26484856,45.27080267,16.00000000
532.30869686,38.28558405,45.23804794,16.01000000
532.70728314,38.30632678,45.20427447,16.02000000
533.10549484,38.32707700,45.16949031,16.03000000
533.50332133,38.34783495,45.13370371,16.04000000
533.90075212,38.36860087,45.09692312,16.05000000
534.29777685,38.38937501,45.05915721,16.06000000
534.69438528,38.41015759,45.02041486,16.07000000
535.09056731,38.43094887,44.98070511,16.08000000
535.48631296,38.45174908,44.94003722,16.09000000
535.88161242,38.47255846,44.89842064,16.10000000
536.27645600,38.49337725,44.85586498,16.11000000
536.67083415,38.51420570,44.81238005,16.12000000
537.06473746,38.53504404,44.76797582,16.13000000
537.45815670,38.55589252,44.72266243,16.14000000
537.85108276,38.57675137,44.67645017,16.15000000
538.24350670,38.59762084,44.62934953,16.16000000
538.63541970,38.61850116,44.58137109,16.17000000
539.02681315,38.63939258,44.53252563,16.18000000
539.41767855,38.66029534,44.48282405,16.19000000
539.80800759,38.68120968,44.43227740,16.20000000
540.19779210,38.70213583,44.38089683,16.21000000
540.58702408,38.72307404,44.32869366,16.22000000
540.97569570,38.74402455,44.27567930,16.23000000
541.36379930,38.76498760,44.22186531,16.24000000
541.75132735,38.78596343,44.16726331,16.25000000
542.13827254,38.80695228,44.11188508,16.26000000
542.52462770,38.82795439,44.05574248,16.27000000
542.91038582,38.84897001,43.99884745,16.28000000
543.29554008,38.86999936,43.94121205,16.29000000
543.68008383,38.89104270,43.88284841,16.30000000
544.06401057,38.91210026,43.82376874,16.31000000
544.44731401,38.93317228,43.76398532,16.32000000
544.82998800,38.95425900,43.70351053,16.33000000
545.21202659,38.97536067,43.64235679,16.34000000
545.59342397,38.99647753,43.58053657,16.35000000
545.97417454,39.01760980,43.51806243,16.36000000
546.35427285,39.03875774,43.45494696,16.37000000
546.73371365,39.05992158,43.39120279,16.38000000
547.11249183,39.08110157,43.32684260,16.39000000
547.49060249,39.10229794,43.26187912,16.40000000
547.86804088,39.12351093,43.19632509,16.41000000
548.24480243,39.14474078,43.13019327,16.42000000
548.62088275,39.16598774,43.06349648,16.43000000
548.99627763,39.18725204,42.99624753,16.44000000
549.37098301,39.20853392,42.92845923,16.45000000
549.74499504,39.22983361,42.86014444,16.46000000
550.11830999,39.25115137,42.79131598,16.47000000
550.49092436,39.27248743,42.72198671,16.48000000
550.86283478,39.29384202,42.65216944,16.49000000
551.23403807,39.31521538,42.58187703,16.50000000
551.60453121,39.33660776,42.51112226,16.51000000
551.97431136,39.35801940,42.43991796,16.52000000
552.34337583,39.37945052,42.36827689,16.53000000
552.71172212,39.40090137,42.29621181,16.54000000
553.07934788,39.42237218,42.22373544,16.55000000
553.44625092,39.44386320,42.15086048,16.56000000
553.81242923,39.46537466,42.07759959,16.57000000
554.17788097,39.48690680,42.00396537,16.58000000
554.54260442,39.50845984,41.92997041,16.59000000
554.90659806,39.53003404,41.85562724,16.60000000
555.26986053,39.55162963,41.78094834,16.61000000
555.63239059,39.57324684,41.70594613,16.62000000
555.99418719,39.59488591,41.63063298,16.63000000
556.35524942,39.61654707,41.55502122,16.64000000
556.71557653,39.63823056,41.47912307,16.65000000
557.07516792,39.65993661,41.40295075,16.66000000
557.43402313,39.68166546,41.32651635,16.67000000
557.79214186,39.70341734,41.24983194,16.68000000
558.14952396,39.72519249,41.17290947,16.69000000
558.50616941,39.74699113,41.09576086,16.70000000
558.86207835,39.76881351,41.01839793,16.71000000
559.21725104,39.79065985,40.94083241,16.72000000
559.57168790,39.81253038,40.86307596,16.73000000
559.92538948,39.83442534,40.78514016,16.74000000
560.27835646,39.85634496,40.70703649,16.75000000
560.63058968,39.87828946,40.62877635,16.76000000
560.98209007,39.90025909,40.55037104,16.77000000
561.33285872,39.92225406,40.47183178,16.78000000
561.68289685,39.94427460,40.39316969,16.79000000
562.03220579,39.96632095,40.31439578,16.80000000
562.38078701,39.98839333,40.23552099,16.81000000
562.72864209,40.01049197,40.15655613,16.82000000
563.07577275,40.03261709,40.07751193,16.83000000
563.42218081,40.05476892,39.99839901,16.84000000
563.76786821,40.07694769,39.91922788,16.85000000
564.11283701,40.09915362,39.84000896,16.86000000
564.45708938,40.12138693,39.76075256,16.87000000
564.80062760,40.14364785,39.68146886,16.88000000
565.14345407,40.16593659,39.60216797,16.89000000
565.48557129,40.18825339,39.52285985,16.90000000
565.82698184,40.21059845,39.44355439,16.91000000
566.16768845,40.23297200,39.36426134,16.92000000
566.50769391,40.25537425,39.28499034,16.93000000
566.84700114,40.27780544,39.20575094,16.94000000
567.18561313,40.30026576,39.12655255,16.95000000
567.52353297,40.32275544,39.04740449,16.96000000
567.86076387,40.34527469,38.96831594,16.97000000
568.19730909,40.36782373,38.88929599,16.98000000
568.53317201,40.39040276,38.81035361,16.99000000
568.86835607,40.41301201,38.73149764,17.00000000
569.20286483,40.43565167,38.65273681,17.01000000
569.53670189,40.45832196,38.57407975,17.02000000
569.86987096,40.48102309,38.49553496,17.03000000
570.20237583,40.50375527,38.41711083,17.04000000
570.53422034,40.52651869,38.33881564,17.05000000
570.86540843,40.54931356,38.26065752,17.06000000
571.19594411,40.57214009,38.18264454,17.07000000
571.52583144,40.59499848,38.10478461,17.08000000
571.85507457,40.61788893,38.02708554,17.09000000
572.18367771,40.64081163,37.94955503,17.10000000
572.51164514,40.66376679,37.87220065,17.11000000
572.83898118,40.68675459,37.79502988,17.12000000
573.16569025,40.70977524,37.71805006,17.13000000
573.49177678,40.73282892,37.64126844,17.14000000
573.81724531,40.75591583,37.56469213,17.15000000
574.14210039,40.77903616,37.48832815,17.16000000
574.46634665,40.80219009,37.41218340,17.17000000
574.78998876,40.82537780,37.33626466,17.18000000
575.11303145,40.84859949,37.26057860,17.19000000
575.43547948,40.87185533,37.18513181,17.20000000
575.75733768,40.89514551,37.10993072,17.21000000
576.07861091,40.91847020,37.03498169,17.22000000
576.39930406,40.94182958,36.96029096,17.23000000
576.71942208,40.96522382,36.88586464,17.24000000
577.03896996,40.98865309,36.81170878,17.25000000
577.35795272,41.01211757,36.73782927,17.26000000
577.67637540,41.03561742,36.66423194,17.27000000
577.99424311,41.05915280,36.59092249,17.28000000
578.31156096,41.08272389,36.51790652,17.29000000
578.62833411,41.10633083,36.44518952,17.30000000
578.94456773,41.12997380,36.37277691,17.31000000
579.26026703,41.15365294,36.30067396,17.32000000
579.57543725,41.17736841,36.22888589,17.33000000
579.89008365,41.20112036,36.15741778,17.34000000
580.20421150,41.22490893,36.08627463,17.35000000
580.51782610,41.24873428,36.01546135,17.36000000
580.83093278,41.27259654,35.94498274,17.37000000
581.14353686,41.29649586,35.87484351,17.38000000
581.45564372,41.32043237,35.80504827,17.39000000
581.76725870,41.34440621,35.73560154,17.40000000
582.07838720,41.36841751,35.66650776,17.41000000
582.38903460,41.39246639,35.59777126,17.42000000
582.69920631,41.41655299,35.52939630,17.43000000
583.00890775,41.44067741,35.46138702,17.44000000
583.31814432,41.46483979,35.39374751,17.45000000
583.62692146,41.48904024,35.32648174,17.46000000
583.93524460,41.51327887,35.25959363,17.47000000
584.24311917,41.53755579,35.19308697,17.48000000
584.55055060,41.56187111,35.12696550,17.49000000
584.85754433,41.58622492,35.06123287,17.50000000
585.16410579,41.61061732,34.99589265,17.51000000
585.47024043,41.63504842,34.93094832,17.52000000
585.77595366,41.65951830,34.86640329,17.53000000
586.08125092,41.68402704,34.80226089,17.54000000
586.38613762,41.70857474,34.73852438,17.55000000
586.69061917,41.73316146,34.67519692,17.56000000
586.99470098,41.75778730,34.61228163,17.57000000
587.29838845,41.78245231,34.54978153,17.58000000
587.60168695,41.80715657,34.48769958,17.59000000
587.90460185,41.83190013,34.42603866,17.60000000
588.20713853,41.85668306,34.36480159,17.61000000
588.50930232,41.88150542,34.30399111,17.62000000
588.81109855,41.90636724,34.24360991,17.63000000
589.11253253,41.93126859,34.18366059,17.64000000
589.41360956,41.95620949,34.12414570,17.65000000
589.71433492,41.98118999,34.06506771,17.66000000
590.01471387,42.00621011,34.00642906,17.67000000
590.31475164,42.03126989,33.94823209,17.68000000
590.61445345,42.05636935,33.89047909,17.69000000
590.91382448,42.08150850,33.83317230,17.70000000
591.21286992,42.10668736,33.77631389,17.71000000
591.51159490,42.13190593,33.71990598,17.72000000
591.81000455,42.15716422,33.66395062,17.73000000
592.10810395,42.18246223,33.60844982,17.74000000
592.40589818,42.20779994,33.55340552,17.75000000
592.70339226,42.23317735,33.49881962,17.76000000
593.00059121,42.25859443,33.44469395,17.77000000
593.29750000,42.28405116,33.39103031,17.78000000
593.59412359,42.30954751,33.33783043,17.79000000
593.89046688,42.33508345,33.28509600,17.80000000
594.18653476,42.36065894,33.23282865,17.81000000
594.48233208,42.38627392,33.18102997,17.82000000
594.77786365,42.41192835,33.12970152,17.83000000
595.07313425,42.43762217,33.07884477,17.84000000
595.36814863,42.46335532,33.02846119,17.85000000
595.66291150,42.48912772,32.97855219,17.86000000
595.95742751,42.51493931,32.92911911,17.87000000
596.25170132,42.54078999,32.88016329,17.88000000
596.54573750,42.56667968,32.83168601,17.89000000
596.83954062,42.59260829,32.78368851,17.90000000
597.13311520,42.61857571,32.73617197,17.91000000
597.42646569,42.64458184,32.68913758,17.92000000
597.71959655,42.67062657,32.64258644,17.93000000
598.01251215,42.69670977,32.59651964,17.94000000
598.30521685,42.72283132,32.55093824,17.95000000
598.59771496,42.74899109,32.50584324,17.96000000
598.89001073,42.77518894,32.46123563,17.97000000
599.18210839,42.80142471,32.41711635,17.98000000
599.47401211,42.82769827,32.37348632,17.99000000
599.76572602,42.85400945,32.33034642,18.00000000
600.05725420,42.88035808,32.28769749,18.01000000
600.34860069,42.90674399,32.24554035,18.02000000
600.63976949,42.93316701,32.20387580,18.03000000
600.93076453,42.95962694,32.16270459,18.04000000
601.22158972,42.98612358,32.12202746,18.05000000
601.51224891,43.01265675,32.08184511,18.06000000
601.80274590,43.03922624,32.04215821,18.07000000
602.09308444,43.06583182,32.00296743,18.08000000
602.38326824,43.09247327,31.96427338,18.09000000
602.67330097,43.11915038,31.92607666,18.10000000
602.96318622,43.14586289,31.88837787,18.11000000
603.25292756,43.17261058,31.85117753,18.12000000
603.54252850,43.19939318,31.81447620,18.13000000
603.83199249,43.22621044,31.77827438,18.14000000
604.12132296,43.25306210,31.74257255,18.15000000
604.41052326,43.27994788,31.70737119,18.16000000
604.69959670,43.30686751,31.67267073,18.17000000
604.98854655,43.33382070,31.63847162,18.18000000
605.27737601,43.36080715,31.60477425,18.19000000
605.56608825,43.38782656,31.57157901,18.20000000
605.85468638,43.41487864,31.53888629,18.21000000
606.14317346,43.44196305,31.50669642,18.22000000
606.43155250,43.46907948,31.47500976,18.23000000
606.71982646,43.49622760,31.44382663,18.24000000
607.00799825,43.52340707,31.41314732,18.25000000
607.29607074,43.55061755,31.38297213,18.26000000
607.58404672,43.57785869,31.35330135,18.27000000
607.87192898,43.60513013,31.32413523,18.28000000
608.15972021,43.63243150,31.29547401,18.29000000
608.44742308,43.65976243,31.26731795,18.30000000
608.73504020,43.68712254,31.23966726,18.31000000
609.02257414,43.71451145,31.21252215,18.32000000
609.31002742,43.74192875,31.18588283,18.33000000
609.59740250,43.76937406,31.15974948,18.34000000
609.88470181,43.79684696,31.13412227,18.35000000
610.17192772,43.82434704,31.10900139,18.36000000
610.45908255,43.85187388,31.08438699,18.37000000
610.74616859,43.87942705,31.06027920,18.38000000
611.03318806,43.90700612,31.03667819,18.39000000
611.32014316,43.93461065,31.01358406,18.40000000
611.60703603,43.96224018,30.99099695,18.41000000
611.89386877,43.98989427,30.96891697,18.42000000
612.18064343,44.01757246,30.94734423,18.43000000
612.46736202,44.04527427,30.92627883,18.44000000
612.75402651,44.07299925,30.90572085,18.45000000
613.04063883,44.10074690,30.88567038,18.46000000
613.32720085,44.12851675,30.86612751,18.47000000
613.61371442,44.15630830,30.84709231,18.48000000
613.90018134,44.18412106,30.82856484,18.49000000
614.18660338,44.21195452,30.81054517,18.50000000
614.47298225,44.23980819,30.79303335,18.51000000
614.75931965,44.26768154,30.77602943,18.52000000
615.04561722,44.29557406,30.75953348,18.53000000
615.33187658,44.32348522,30.74354552,18.54000000
615.61809929,44.35141450,30.72806560,18.55000000
615.90428690,44.37936136,30.71309376,18.56000000
616.19044093,44.40732526,30.69863003,18.57000000
616.47656283,44.43530566,30.68467443,18.58000000
616.76265407,44.46330202,30.67122700,18.59000000
617.04871604,44.49131378,30.65828775,18.60000000
617.33475012,44.51934038,30.64585672,18.61000000
617.62075768,44.54738126,30.63393391,18.62000000
617.90674004,44.57543586,30.62251935,18.63000000
618.19269848,44.60350361,30.61161305,18.64000000
618.47863429,44.63158393,30.60121502,18.65000000
618.76454871,44.65967626,30.59132527,18.66000000
619.05044296,44.68778000,30.58194381,18.67000000
619.33631824,44.71589459,30.57307066,18.68000000
619.62217573,44.74401942,30.56470581,18.69000000
619.90801658,44.77215392,30.55684927,18.70000000
620.19384194,44.80029748,30.54950105,18.71000000
620.47965292,44.82844952,30.54266116,18.72000000
620.76545062,44.85660945,30.53632958,18.73000000
621.05123613,44.88477665,30.53050634,18.74000000
621.33701053,44.91295053,30.52519142,18.75000000
621.62277486,44.94113048,30.52038483,18.76000000
621.90853018,44.96931591,30.51608657,18.77000000
622.19427753,44.99750619,30.51229665,18.78000000
622.48001791,45.02570074,30.50901506,18.79000000
622.76575236,45.05389893,30.50624180,18.80000000
623.05148188,45.08210015,30.50397687,18.81000000
623.33720747,45.11030380,30.50222028,18.82000000
623.62293012,45.13850925,30.50097202,18.83000000
623.90865084,45.16671591,30.50023209,18.84000000
624.19437062,45.19492316,30.50000050,18.85000000
624.48009044,45.22313037,30.50027724,18.86000000
624.76581129,45.25133695,30.50106232,18.87000000
625.05153417,45.27954227,30.50235572,18.88000000
625.33726006,45.30774573,30.50415746,18.89000000
625.62298998,45.33594670,30.50646754,18.90000000
625.90872491,45.36414459,30.50928594,18.91000000
626.19446588,45.39233878,30.51261268,18.92000000
626.48021388,45.42052866,30.51644776,18.93000000
626.76596996,45.44871363,30.52079116,18.94000000
627.05173515,45.47689307,30.52564290,18.95000000
627.33751049,45.50506638,30.53100296,18.96000000
627.62329704,45.53323296,30.53687136,18.97000000
627.90909588,45.56139220,30.54324808,18.98000000
628.19490809,45.58954352,30.55013312,18.99000000
628.48073478,45.61768630,30.55752649,19.00000000
628.76657706,45.64581996,30.56542817,19.01000000
629.05243608,45.67394391,30.57383817,19.02000000
629.33831300,45.70205755,30.58275647,19.03000000
629.62420899,45.73016031,30.59218307,19.04000000
629.91012526,45.75825159,30.60211796,19.05000000
630.19606303,45.78633082,30.61256113,19.06000000
630.48202355,45.81439743,30.62351258,19.07000000
630.76800809,45.84245083,30.63497228,19.08000000
631.05401795,45.87049047,30.64694023,19.09000000
631.34005446,45.89851577,30.65941640,19.10000000
631.62611897,45.92652618,30.67240078,19.11000000
631.91221287,45.95452115,30.68589334,19.12000000
632.19833757,45.98250011,30.69989407,19.13000000
632.48449451,46.01046252,30.71440293,19.14000000
632.77068519,46.03840784,30.72941990,19.15000000
633.05691109,46.06633553,30.74494495,19.16000000
633.34317377,46.09424506,30.76097802,19.17000000
633.62947482,46.12213589,30.77751910,19.18000000
633.91581583,46.15000752,30.79456812,19.19000000
634.20219847,46.17785941,30.81212505,19.20000000
634.48862442,46.20569105,30.83018982,19.21000000
634.77509542,46.23350195,30.84876239,19.22000000
635.06161322,46.26129159,30.86784269,19.23000000
635.34817963,46.28905949,30.88743064,19.24000000
635.63479650,46.31680515,30.90752619,19.25000000
635.92146572,46.34452808,30.92812923,19.26000000
636.20818921,46.37222782,30.94923970,19.27000000
636.49496895,46.39990388,30.97085750,19.28000000
636.78180694,46.42755581,30.99298252,19.29000000
637.06870525,46.45518314,31.01561467,19.30000000
637.35566599,46.48278542,31.03875382,19.31000000
637.64269128,46.51036221,31.06239985,19.32000000
637.92978334,46.53791306,31.08655263,19.33000000
638.21694439,46.56543754,31.11121203,19.34000000
638.50417672,46.59293523,31.13637789,19.35000000
638.79148266,46.62040569,31.16205005,19.36000000
639.07886459,46.64784853,31.18822835,19.37000000
639.36632493,46.67526333,31.21491260,19.38000000
639.65386616,46.70264970,31.24210262,19.39000000
639.94149079,46.73000723,31.26979820,19.40000000
640.22920141,46.75733555,31.29799914,19.41000000
640.51700061,46.78463428,31.32670521,19.42000000
640.80489108,46.81190304,31.35591616,19.43000000
641.09287552,46.83914147,31.38563176,19.44000000
641.38095671,46.86634921,31.41585173,19.45000000
641.66913746,46.89352591,31.44657579,19.46000000
641.95742064,46.92067123,31.47780367,19.47000000
642.24580915,46.94778483,31.50953503,19.48000000
642.53430597,46.97486638,31.54176957,19.49000000
642.82291411,47.00191557,31.57450694,19.50000000
643.11163664,47.02893207,31.60774679,19.51000000
643.40047666,47.05591558,31.64148874,19.52000000
643.68943736,47.08286579,31.67573240,19.53000000
643.97852193,47.10978243,31.71047736,19.54000000
644.26773366,47.13666519,31.74572319,19.55000000
644.55707585,47.16351381,31.78146944,19.56000000
644.84655187,47.19032800,31.81771565,19.57000000
645.13616514,47.21710751,31.85446132,19.58000000
645.42591911,47.24385208,31.89170595,19.59000000
645.71581732,47.27056146,31.92944899,19.60000000
646.00586331,47.29723541,31.96768990,19.61000000
646.29606071,47.32387369,32.00642809,19.62000000
646.58641318,47.35047607,32.04566297,19.63000000
646.87692442,47.37704234,32.08539389,19.64000000
647.16759820,47.40357227,32.12562022,19.65000000
647.45843832,47.43006567,32.16634126,19.66000000
647.74944863,47.45652232,32.20755631,19.67000000
648.04063305,47.48294205,32.24926464,19.68000000
648.33199552,47.50932466,32.29146549,19.69000000
648.62354003,47.53566997,32.33415806,19.70000000
648.91527063,47.56197781,32.37734153,19.71000000
649.20719141,47.58824802,32.42101505,19.72000000
649.49930649,47.61448044,32.46517774,19.73000000
649.79162007,47.64067491,32.50982868,19.74000000
650.08413635,47.66683129,32.55496691,19.75000000
650.37685961,47.69294944,32.60059147,19.76000000
650.66979415,47.71902923,32.64670133,19.77000000
650.96294433,47.74507053,32.69329543,19.78000000
651.25631455,47.77107323,32.74037270,19.79000000
651.54990924,47.79703721,32.78793199,19.80000000
651.84373288,47.82296236,32.83597216,19.81000000
652.13778998,47.84884859,32.88449199,19.82000000
652.43208511,47.87469581,32.93349025,19.83000000
652.72662287,47.90050391,32.98296565,19.84000000
653.02140788,47.92627283,33.03291686,19.85000000
653.31644482,47.95200249,33.08334253,19.86000000
653.61173841,47.97769281,33.13424122,19.87000000
653.90729339,48.00334375,33.18561151,19.88000000
654.20311454,48.02895522,33.23745187,19.89000000
654.49920669,48.05452720,33.28976077,19.90000000
654.79557467,48.08005962,33.34253661,19.91000000
655.09222339,48.10555246,33.39577774,19.92000000
655.38915776,48.13100567,33.44948249,19.93000000
655.68638272,48.15641923,33.50364911,19.94000000
655.98390325,48.18179311,33.55827580,19.95000000
656.28172438,48.20712730,33.61336072,19.96000000
656.57985113,48.23242177,33.66890197,19.97000000
656.87828858,48.25767654,33.72489760,19.98000000
657.17704181,48.28289158,33.78134561,19.99000000
